RPM		Distance
8000.0		875.579
8010.0		875.579
8020.0		875.579
8030.0		875.579
8040.0		875.579
8050.0		875.579
8060.0		875.615
8070.0		875.615
8080.0		875.615
8090.0		875.615
8100.0		875.615
8110.0		875.615
8120.0		875.615
8130.0		875.615
8140.0		875.655
8150.0		875.655
8160.0		875.655
8170.0		875.655
8180.0		875.655
8190.0		875.655
8200.0		875.655
8210.0		875.655
8220.0		875.671
8230.0		875.671
8240.0		875.671
8250.0		875.671
8260.0		875.671
8270.0		875.671
8280.0		875.671
8290.0		875.707
8300.0		875.707
8310.0		875.707
8320.0		875.707
8330.0		875.707
8340.0		875.707
8350.0		875.707
8360.0		875.741
8370.0		875.741
8380.0		875.741
8390.0		875.741
8400.0		875.741
8410.0		875.741
8420.0		875.741
8430.0		875.767
8440.0		875.767
8450.0		875.767
8460.0		875.767
8470.0		875.767
8480.0		875.767
8490.0		875.767
8500.0		875.807
8510.0		875.807
8520.0		875.807
8530.0		875.807
8540.0		875.807
8550.0		875.807
8560.0		875.807
8570.0		875.844
8580.0		875.844
8590.0		875.844
8600.0		875.844
8610.0		875.844
8620.0		875.844
8630.0		875.914
8640.0		875.914
8650.0		875.914
8660.0		875.914
8670.0		875.914
8680.0		875.914
8690.0		875.914
8700.0		875.963
8710.0		875.963
8720.0		875.963
8730.0		875.963
8740.0		875.963
8750.0		875.963
8760.0		875.992
8770.0		875.992
8780.0		875.992
8790.0		875.992
8800.0		875.992
8810.0		875.992
8820.0		875.992
8830.0		875.953
8840.0		875.953
8850.0		875.953
8860.0		875.953
8870.0		875.953
8880.0		875.953
8890.0		875.701
8900.0		875.701
8910.0		875.364
8920.0		874.169
8930.0		873.244
8940.0		872.14
8950.0		512.4
8960.0		512.4
8970.0		512.4
8980.0		512.4
0.0		0.0		0.0		0.0		512.4
8000.0		76.2046		875.579
8010.0		76.2046		875.579
8020.0		76.2046		875.579
8030.0		76.2046		875.579
8040.0		76.2046		875.579
8050.0		76.2046		875.579
8060.0		76.9629		875.615
8300.0		79.2063		875.707
8310.0		79.2063		875.707
8320.0		79.2063		875.707
8330.0		79.2063		875.707
8340.0		79.2063		875.707
8350.0		79.2063		875.707
8360.0		79.942		875.741
8370.0		79.942		875.741
8380.0		79.942		875.741
8390.0		79.942		875.741
8400.0		79.942		875.741
8410.0		79.942		875.741
8420.0		79.942		875.741
8430.0		80.6688		875.767
8440.0		80.6688		875.767
8450.0		80.6688		875.767
8460.0		80.6688		875.767
8470.0		80.6688		875.767
8480.0		80.6688		875.767
8490.0		80.6688		875.767
8500.0		81.3843		875.807
8510.0		81.3843		875.807
8520.0		81.3843		875.807
8530.0		81.3843		875.807
8540.0		81.3843		875.807
8550.0		81.3843		875.807
8560.0		81.3843		875.807
8570.0		82.0869		875.844
8580.0		82.0869		875.844
8590.0		82.0869		875.844
8600.0		82.0869		875.844
8610.0		82.0869		875.844
8620.0		82.0869		875.844
8630.0		82.7758		875.914
8640.0		82.7758		875.914
8650.0		82.7758		875.914
8660.0		82.7758		875.914
8670.0		82.7758		875.914
8680.0		82.7758		875.914
8690.0		82.7758		875.914
8700.0		83.4505		875.963
8710.0		83.4505		875.963
8720.0		83.4505		875.963
8730.0		83.4505		875.963
8740.0		83.4505		875.963
8750.0		83.4505		875.963
8760.0		84.1112		875.992
8770.0		84.1112		875.992
8780.0		84.1112		875.992
8790.0		84.1112		875.992
8800.0		84.1112		875.992
8810.0		84.1112		875.992
8820.0		84.1112		875.992
8830.0		84.7583		875.953
8840.0		84.7583		875.953
8850.0		84.7583		875.953
8860.0		84.7583		875.953
8870.0		84.7583		875.953
8880.0		84.7583		875.953
8890.0		85.3522		875.701
8900.0		85.3522		875.701
8910.0		86.2114		875.364
8920.0		87.0776		874.169
8930.0		87.3003		873.244
8940.0		87.4446		872.14
8950.0		87.4446		512.4
8960.0		87.4446		512.4
8970.0		87.4446		512.4
8980.0		87.4446		512.4
8760.0		84.1112		875.992
8760.0		84.1112		875.992
8330.0		79.7469		815.293
8900.0		85.6991		1034.93
-0.09		8900.0		85.6991		1034.93
-0.08499999999999999		8920.0		86.8073		1025.71
-0.09		8900.0		85.6991		1034.93
-0.09		8900.0		85.6991		1034.93
-0.08499999999999999		8920.0		86.8073		1025.71
-0.07999999999999999		8920.0		86.8711		1012.8
-0.07499999999999998		8920.0		86.7932		999.136
-0.06999999999999998		8900.0		86.4528		982.782
-0.06499999999999997		8800.0		84.2995		963.42
-0.05999999999999998		8730.0		83.6929		936.284
-0.05499999999999998		8830.0		84.698		907.73
-0.04999999999999998		8760.0		84.1112		875.992
-0.044999999999999984		8740.0		83.9082		844.446
-0.03999999999999999		8740.0		83.9522		815.396
-0.03499999999999999		8740.0		83.9914		782.065
-0.02999999999999999		8540.0		81.9782		721.349
-0.024999999999999988		8610.0		82.7047		327.145
-0.09		8900.0		85.6991		1034.93
-0.08499999999999999		8920.0		86.8073		1025.71
-0.07999999999999999		8920.0		86.8711		1012.8
-0.09		8900.0		85.6991		1034.93
-0.08499999999999999		8920.0		86.8073		1025.71
-0.07999999999999999		8920.0		86.8711		1012.8
-0.07499999999999998		8920.0		86.7932		999.136
-0.06999999999999998		8930.0		86.8757		982.838
-0.06499999999999997		8800.0		84.2995		963.42
-0.05999999999999998		8730.0		83.6929		936.284
-0.09		8950.0		86.9402		3476413.875296201
-0.08499999999999999		8950.0		86.8073		7038426.838760234
-0.09		8950.0		86.9402		41591.691082586636
-0.09		0.0		0.0		0.0
-0.09		8640.0		82.2244		796.038561491931
-0.08499999999999999		8590.0		81.8833		800.7814642855654
-0.07999999999999999		8500.0		80.5349		804.070854886788
-0.07499999999999998		8600.0		82.1644		809.0899997707908
-0.09		8640.0		82.2244		796.038561491931
-0.08499999999999999		8590.0		81.8833		800.7814642855654
-0.07999999999999999		8500.0		80.5349		804.070854886788
-0.07499999999999998		8600.0		82.1644		809.0899997707908
-0.06999999999999998		8540.0		81.5597		814.1340920224986
-0.06499999999999997		8600.0		82.3068		819.3820220042103
-0.05999999999999998		8600.0		82.3483		824.9707849565083
-0.05499999999999998		8570.0		82.03		831.5009787403479
-0.04999999999999998		8570.0		82.0869		837.9359883048637
-0.044999999999999984		8540.0		81.8656		844.3678640830749
-0.03999999999999999		8540.0		81.9077		851.7345783958863
-0.03499999999999999		8540.0		81.9451		873.1869294714031
-0.02999999999999999		8610.0		82.6744		907.6541162208586
-0.024999999999999988		8610.0		82.6744		0.0
-0.09		0.0		0.0		0.0
-0.09		8560.0		82.12		898.9056511884086
-0.08499999999999999		8560.0		82.12		898.9056511884086
-0.09		0.0		0.0		0.0
-0.09		0.0		0.0		0.0
-0.09		8530.0		81.9246		993.5000424995781
-0.08499999999999999		8530.0		81.9246		0.0
-0.09		0.0		0.0		0.0
-0.09		8530.0		81.9246		893.508
-0.08499999999999999		8530.0		81.9246		0.0
-0.09		8530.0		81.9246		893.508
-0.08499999999999999		8530.0		81.9246		0.0
-0.09		8525.0		81.9246		893.508
-0.08499999999999999		8525.0		81.9246		0.0
-0.09		8523.0		81.9246		893.508
-0.08499999999999999		8523.0		81.9246		0.0
-0.09		8523.0		81.9246		893.508
-0.08499999999999999		8523.0		81.9246		0.0
-0.09		8530.0		81.9246		893.508
-0.08499999999999999		8530.0		81.9246		0.0
-0.09		8530.0		81.9246		893.508
-0.08499999999999999		8530.0		122.379		893.665
-0.07999999999999999		8530.0		167.375		893.924
-0.07499999999999998		8530.0		224.379		893.928
-0.09		8530.0		81.9246		993.5000424995781
-0.08499999999999999		8500.0		122.379		993.6600433430505
-0.07999999999999999		8510.0		166.639		993.9200433430505
-0.07499999999999998		8680.0		223.603		993.9200433430505
-0.06999999999999998		8500.0		223.657		993.9200433430505
-0.06499999999999997		8500.0		223.657		0.0
-0.09		8530.0		81.9246		3116.080042499578
-0.08499999999999999		8400.0		121.307		3116.3400433481956
-0.07999999999999999		8480.0		165.903		3116.8600433481956
-0.07499999999999998		8600.0		221.394		3117.020043348195
-0.06999999999999998		8460.0		297.925		3117.0300433481957
-0.06499999999999997		8460.0		297.925		0.0
-0.09		0.0		0.0		0.0
-0.09		8400.0		121.307		3117.0300433481957
-0.08499999999999999		8400.0		121.307		0.0
-0.09		8398.0		121.307		3117.0300433481957
-0.08499999999999999		8398.0		121.307		0.0
-0.09		8530.0		81.9246		3016.96
-0.08499999999999999		8400.0		121.307		3017.04
-0.07999999999999999		8480.0		165.903		3017.04
-0.07499999999999998		8610.0		221.601		3017.05
-0.06999999999999998		8460.0		297.922		3017.05
-0.06499999999999997		8460.0		297.922		0.0
-0.09		8530.0		81.9246		3017.05
-0.08499999999999999		8400.0		121.307		3017.05
-0.07999999999999999		8480.0		165.903		3017.05
-0.07499999999999998		8610.0		221.601		3017.05
-0.09		8530.0		81.4149		898.4978068428936
-0.08499999999999999		8470.0		121.808		898.5177998345915
-0.07999999999999999		8780.0		172.971		898.7252791814691
-0.07499999999999998		8830.0		225.855		901.2492995278844
-0.06999999999999998		8460.0		225.855		901.2492995278844
-0.06499999999999997		8460.0		225.855		0.0
-0.09		8540.0		81.9782		906.9168117383658
-0.08499999999999999		8570.0		123.541		906.9589417501144
-0.07999999999999999		8860.0		175.315		907.1678284745822
-0.07499999999999998		8780.0		224.138		909.0076613264364
-0.06999999999999998		8460.0		224.138		909.0076613264364
-0.06499999999999997		8460.0		224.138		0.0
-0.09		8540.0		81.9782		906.9168117383658
-0.08499999999999999		8570.0		123.541		906.9589417501144
-0.07999999999999999		8860.0		175.315		907.1678284745822
-0.07499999999999998		8780.0		224.138		909.0076613264364
-0.06999999999999998		8460.0		224.138		909.0076613264364
-0.06499999999999997		8460.0		224.138		0.0
-0.09		8540.0		81.9782		906.9168117383658
-0.08499999999999999		8570.0		123.541		906.9589417501144
-0.07999999999999999		8860.0		175.315		907.1678284745822
-0.07499999999999998		8780.0		224.138		909.0076613264364
-0.06999999999999998		8460.0		224.138		909.0076613264364
-0.06499999999999997		8460.0		224.138		0.0
-0.09		8790.0		65.6092		481.81963267796203
-0.08499999999999999		8720.0		110.122		491.2377075063461
-0.07999999999999999		8480.0		110.122		491.2377075063461
-0.07499999999999998		8610.0		110.122		491.2377075063461
-0.06999999999999998		8460.0		110.122		491.2377075063461
-0.06499999999999997		8460.0		110.122		0.0
-0.09		8790.0		65.6092		481.81963267796203
-0.08499999999999999		8720.0		110.122		491.2377075063461
-0.07999999999999999		8480.0		110.122		491.2377075063461
-0.07499999999999998		8610.0		110.122		491.2377075063461
-0.06999999999999998		8460.0		110.122		491.2377075063461
-0.06499999999999997		8460.0		110.122		0.0
-0.09		8530.0		81.4387		899.8232697107862
-0.08499999999999999		8470.0		121.83		899.8426728892738
-0.07999999999999999		8790.0		173.012		900.0471096807929
-0.07499999999999998		8860.0		226.776		902.5440046414808
-0.06999999999999998		8460.0		226.776		902.5440046414808
-0.06499999999999997		8460.0		226.776		0.0
-0.09		8790.0		65.6092		481.81963267796203
-0.08499999999999999		8720.0		110.122		491.2377075063461
-0.07999999999999999		8480.0		110.122		491.2377075063461
-0.09		8530.0		81.3843		837.6829481879134
-0.09		8530.0		80.5347		787.5495445709851
-0.08499999999999999		8490.0		120.223		787.7421861217376
-0.07999999999999999		8700.0		166.864		787.85792009589
-0.09		8650.0		73.09		624.5481784013025
-0.08499999999999999		8790.0		118.019		625.1899586337968
-0.07999999999999999		8480.0		117.751		625.1899586337968
-0.07499999999999998		8610.0		118.067		625.1899586337968
-0.06999999999999998		8460.0		118.067		625.1899586337968
-0.06499999999999997		8460.0		118.067		0.0
1		-1.0		8790.0		65.6092		481.81963267796203
2		-0.995		8730.0		110.375		492.2801511213544
1		-1.0		8790.0		65.6092		481.81963267796203
2		-1.0		8720.0		110.122		491.2377075063461
3		-1.0		8480.0		110.122		491.2377075063461
4		-1.0		8610.0		110.122		491.2377075063461
5		-1.0		8460.0		110.122		491.2377075063461
6		-1.0		10000.0		110.122		491.2377075063461
1		-0.995		8790.0		65.7125		487.22814484412396
2		-0.995		8730.0		110.375		492.2801511213544
3		-0.995		8480.0		110.375		492.2801511213544
4		-0.995		8610.0		110.375		492.2801511213544
1		-1.0		8790.0		65.6092		481.81963267796203
2		-1.0		8720.0		110.122		491.2377075063461
3		-1.0		8480.0		110.122		491.2377075063461
4		-1.0		8610.0		110.122		491.2377075063461
5		-1.0		8460.0		110.122		491.2377075063461
6		-1.0		10000.0		110.122		491.2377075063461
1		-0.99		8800.0		65.8183		488.0621421044687
2		-0.99		8740.0		110.628		493.3245754893134
3		-0.99		8480.0		110.628		493.3245754893134
4		-0.99		8610.0		110.628		493.3245754893134
5		-0.99		8460.0		110.628		493.3245754893134
6		-0.99		10000.0		110.628		493.3245754893134
1		-0.98		8810.0		66.0353		490.60367348003973
2		-0.98		8760.0		111.132		495.4797577916137
3		-0.98		8480.0		111.132		495.4797577916137
4		-0.98		8610.0		111.132		495.4797577916137
5		-0.98		8460.0		111.132		495.4797577916137
6		-0.98		10000.0		111.132		495.4797577916137
1		-0.97		8820.0		66.2286		493.0238280888135
1		-0.9		8790.0		67.2262		509.3704853248449
2		-0.9		8900.0		114.713		512.430807926779
3		-0.9		8480.0		114.713		512.430807926779
4		-0.9		8610.0		114.713		512.430807926779
5		-0.9		8460.0		114.713		512.430807926779
6		-0.9		10000.0		114.713		512.430807926779
1		-0.88		8800.0		67.6762		515.6299438404577
2		-0.88		8910.0		115.137		516.0971787948067
3		-0.88		8480.0		115.137		516.0971787948067
4		-0.88		8610.0		115.137		516.0971787948067
5		-0.88		8460.0		115.137		516.0971787948067
6		-0.88		10000.0		115.137		516.0971787948067
1		-1.0		8790.0		65.6092		1099.934111156219
1		-1.0		8790.0		65.6092		1099.934111156219
2		-1.0		8730.0		110.314		1104.5894383652712
3		-1.0		8480.0		110.314		1104.5894383652712
4		-1.0		8610.0		110.314		1104.5894383652712
1		-0.4999999999999996		8700.0		73.09		1432.9003926563378
1		-0.39999999999999963		8710.0		74.9663		1504.0851627176548
1		-0.1499999999999997		8750.0		81.1731		1738.8430407979517
1		-1.0		8790.0		65.6092		1099.934111156219		2094.4
2		-1.0		8730.0		110.314		1104.5894383652712		5867.67
3		-1.0		8480.0		110.314		1104.5894383652712		5177.98
4		-1.0		8610.0		110.314		1104.5894383652712		9000.0
1		-0.95		8790.0		66.3985		1134.7959658061152		2094.4
2		-0.95		8730.0		111.078		1134.7959658061152		6189.2
3		-0.95		8480.0		110.997		1134.7959658061152		5576.03
4		-0.95		8610.0		110.997		1134.7959658061152		9000.0
5		-0.95		8460.0		110.997		1134.7959658061152		9000.0
1		-1.0		8790.0		65.6092		1099.934111156219		2094.4
2		-1.0		8730.0		110.314		1104.5894383652712		5867.67
3		-1.0		8480.0		110.314		1104.5894383652712		5177.98
1		-1.0		8790.0		65.6092		1099.934111156219		2094.4
2		-1.0		8730.0		110.314		1104.5894383652712		5867.67
3		-1.0		8480.0		110.314		1104.5894383652712		5177.98
4		-1.0		8610.0		110.314		1104.5894383652712		9000.0
5		-1.0		8460.0		110.314		1104.5894383652712		9000.0
6		-1.0		10000.0		110.314		1104.5894383652712		9000.0
1		-0.95		8790.0		66.3985		1134.7959658061152		2094.4
2		-1.0		8730.0		110.314		1099.776738094446		5891.78
2		-1.0		8730.0		110.314		1099.776738094446		5891.78
1		-0.95		8790.0		66.3985		1134.7959658061152		2094.4
2		-0.95		8730.0		111.078		1134.7959658061152		5932.38
1		-0.8999999999999999		8790.0		67.2262		1167.0373568917341		2094.4
2		-0.8999999999999999		8740.0		111.888		1167.0432328590193		6239.4
1		-0.8499999999999999		8820.0		68.3275		1199.7402167127138		2094.4
2		-0.8499999999999999		8760.0		112.932		1199.744863683499		6276.61
1		-0.7999999999999998		8820.0		69.0747		1232.8624022773668		2094.4
2		-0.7999999999999998		8760.0		113.599		1232.8624022773668		6351.77
1		-0.7499999999999998		8820.0		69.8085		1266.0796634705457		2094.4
2		-0.7499999999999998		8790.0		114.794		1266.1340372658556		6390.76
1		-0.6999999999999997		8820.0		70.5017		1299.5461127691106		2094.4
2		-0.6999999999999997		8840.0		116.348		1299.7878649959293		6423.93
1		-0.6499999999999997		8820.0		71.1357		1332.2806328937666		2094.4
2		-0.6499999999999997		8840.0		116.937		1332.2806328937666		6454.87
1		-0.5999999999999996		8820.0		72.309		1365.3343443507836		2094.4
2		-0.5999999999999996		8840.0		117.521		1365.3343443507836		6530.78
1		-0.5499999999999996		8820.0		73.17		1398.9959268271596		2094.4
2		-0.5499999999999996		8840.0		118.173		1398.9959268271596		6559.72
1		-0.4999999999999996		8820.0		73.9935		1433.255171873256		2094.4
2		-0.4999999999999996		8840.0		118.778		1433.255171873256		6583.73
1		-0.4499999999999996		8820.0		75.2094		1468.0572768828326		2094.4
2		-0.4499999999999996		8840.0		119.248		1468.0572768828326		6641.34
1		-0.39999999999999963		8820.0		75.9446		1504.1075172176886		2094.4
2		-0.39999999999999963		8840.0		119.863		1504.1075172176886		6661.62
1		-0.34999999999999964		8820.0		77.151		1540.5000565478451		2094.4
2		-0.34999999999999964		8840.0		120.285		1540.5000565478451		6709.78
1		-0.29999999999999966		8820.0		78.3927		1573.9786989461218		2094.4
2		-0.29999999999999966		8840.0		120.942		1573.9786989461218		6745.29
1		-0.24999999999999967		8910.0		84.2973		1622.9360290738548		2094.4
2		-0.24999999999999967		8840.0		121.705		1622.9360290738548		6731.43
3		-0.24999999999999967		8570.0		160.206		1622.9360290738548		6480.93
4		-0.24999999999999967		8610.0		162.721		1622.9360290738548		6238.16
1		-0.19999999999999968		8910.0		85.0759		1676.2570219345018		2094.4
2		-0.19999999999999968		8840.0		122.677		1676.2570219345018		6905.16
3		-0.19999999999999968		8580.0		161.39		1676.2578251158739		6545.78
4		-0.19999999999999968		8610.0		166.849		1676.2578251158739		6297.17
1		-0.1499999999999997		8910.0		85.026		1738.504362636214		2094.4
2		-0.1499999999999997		8840.0		123.575		1738.504362636214		6768.36
3		-0.1499999999999997		8620.0		163.46		1738.5415632369877		6588.47
4		-0.1499999999999997		8610.0		168.824		1738.5415632369877		6370.3
1		-0.09999999999999969		8910.0		86.5062		1812.343165607003		2094.4
2		-0.09999999999999969		8840.0		125.203		1812.343165607003		6778.02
3		-0.09999999999999969		8700.0		166.851		1812.3598218580473		6628.46
4		-0.09999999999999969		8610.0		170.494		1812.3598218580473		6478.85
1		-0.049999999999999684		8910.0		86.2114		1927.3064388511368		2094.4
2		-0.049999999999999684		8840.0		126.779		1927.3064388511368		6567.5
3		-0.049999999999999684		8810.0		172.51		1927.4295096099158		6612.51
1		-0.05		8910.0		86.2114		1927.4295096099158		2094.4
2		-0.05		8840.0		126.779		1927.4295096099158		6567.5
3		-0.05		8810.0		172.51		1927.4295096099158		6612.51
4		-0.05		8610.0		172.563		1927.4295096099158		6726.88
1		-0.05		8910.0		86.2114		1927.4295096099158		2094.4
2		-0.05		8840.0		126.779		1927.4295096099158		6567.5
3		-0.05		8810.0		172.51		1927.4295096099158		6612.51
4		-0.05		8610.0		172.563		1927.4295096099158		6726.88
1		-0.05		8910.0		86.2114		1927.4295096099158		2094.4
2		-0.05		8840.0		126.779		1927.4295096099158		6567.5
3		-0.05		8810.0		172.51		1927.4295096099158		6612.51
-0.05		1		8910.0		86.2114		1927.4295096099158		2094.40.0		0.0
-0.05		1		8910.0		86.2114		1927.4295096099158		2094.4-0.017		71.004
-0.05		2		8840.0		126.779		1927.4295096099158		6567.5-0.011		76.647
-0.05		3		8810.0		172.51		1927.4295096099158		6612.51176.294		87.264
-0.05		1		8910.0		86.2114		1927.4295096099158		2094.487.703		71.004
-0.05		2		8840.0		126.779		1927.4295096099158		6567.5130.528		76.647
-0.05		3		8810.0		172.51		1927.4295096099158		6612.51176.294		87.264
-0.05		1		8910.0		86.2114		1927.4295096099158		2094.487.703		71.004
-0.05		2		8840.0		126.779		1927.4295096099158		6567.5130.528		76.647
-0.05		3		8810.0		172.51		1927.4295096099158		6612.51176.294		87.264
-0.05		1		8910.0		86.2114		1927.4295096099158		2094.487.703		71.004
-0.05		2		8840.0		126.779		1927.4295096099158		6567.5130.528		76.647
-0.05		3		8810.0		172.51		1927.4295096099158		6612.51176.294		87.264
-0.05		1		8910.0		86.2114		1927.4295096099158		2094.487.703		71.004
-0.05		2		8840.0		126.779		1927.4295096099158		6567.5130.528		76.647
-0.05		3		8810.0		172.51		1927.4295096099158		6612.51176.294		87.264
