OldState	Action		NewState
2094.4		1.0		2517.43
2094.4		0.99		2512.65
2094.4		0.98		2507.87
2094.4		0.97		2503.1
2094.4		0.96		2498.33
2094.4		0.95		2493.57
2094.4		0.94		2488.8
2094.4		0.93		2484.04
2094.4		0.92		2479.29
2094.4		0.91		2474.53
2094.4		0.9		2469.78
2094.4		0.89		2465.04
2094.4		0.88		2460.29
2094.4		0.87		2455.55
2094.4		0.86		2450.82
2094.4		0.85		2446.08
2094.4		0.84		2441.35
2094.4		0.83		2436.62
2094.4		0.82		2431.9
2094.4		0.81		2427.17
2094.4		0.8		2422.46
2094.4		0.79		2417.7399
2094.4		0.78		2413.03
2094.4		0.77		2408.32
2094.4		0.76		2403.61
2094.4		0.75		2398.91
2094.4		0.74		2394.21
2094.4		0.73		2389.51
2094.4		0.72		2384.82
2094.4		0.71		2380.12
2094.4		0.7		2375.44
2094.4		0.69		2370.75
2094.4		0.68		2366.07
2094.4		0.67		2361.39
2094.4		0.66		2356.7199
2094.4		0.65		2352.04
2094.4		0.64		2347.37
2094.4		0.63		2342.71
2094.4		0.62		2338.04
2094.4		0.61		2333.38
2094.4		0.6		2328.73
2094.4		0.59		2324.07
2094.4		0.58		2319.42
2094.4		0.57		2314.77
2094.4		0.56		2310.13
2094.4		0.55		2305.4899
2094.4		0.54		2300.85
2094.4		0.53		2296.21
2094.4		0.52		2291.58
2094.4		0.51		2286.95
2094.4		0.5		2282.32
2094.4		0.49		2277.7
2094.4		0.48		2273.08
2094.4		0.47		2268.46
2094.4		0.46		2263.85
2094.4		0.45		2259.2399
2094.4		0.44		2254.63
2094.4		0.43		2250.02
2094.4		0.42		2245.42
2094.4		0.41		2240.82
2094.4		0.4		2236.23
2094.4		0.39		2231.63
2094.4		0.38		2227.04
2094.4		0.37		2222.45
2094.4		0.36		2217.87
2094.4		0.35		2213.29
2094.4		0.34		2208.71
2094.4		0.33		2204.14
2094.4		0.32		2199.57
2094.4		0.31		2195.0
2094.4		0.3		2190.43
2094.4		0.29		2185.87
2094.4		0.28		2181.31
2094.4		0.27		2176.75
2094.4		0.26		2172.2
2094.4		0.25		2167.65
2094.4		0.24		2163.1
2094.4		0.23		2158.55
2094.4		0.22		2154.01
2094.4		0.21		2149.4699
2094.4		0.2		2144.94
2094.4		0.19		2140.41
2094.4		0.18		2135.88
2094.4		0.17		2131.35
2094.4		0.16		2126.82
2094.4		0.15		2122.3
2094.4		0.14		2117.79
2094.4		0.13		2113.27
2094.4		0.12		2108.76
2094.4		0.11		2104.25
2094.4		0.1		2099.7399
2094.4		0.09		2095.2399
2094.4		0.08		2095.58
2094.4		0.07		2096.29
2094.4		0.06		2097.1
2094.4		0.05		2096.65
2094.4		0.04		2094.4
2094.4		0.03		2094.4
2094.4		0.02		2094.4
2094.4		0.01		2094.4
2094.4		0.0		2094.4
2517.43		1.0		2961.88
2517.43		0.99		2956.78
2517.43		0.98		2951.68
2517.43		0.97		2946.58
2517.43		0.96		2941.4899
2517.43		0.95		2936.4
2517.43		0.94		2931.31
2517.43		0.93		2926.23
2517.43		0.92		2921.15
2517.43		0.91		2916.07
2517.43		0.9		2911.0
2517.43		0.89		2905.93
2517.43		0.88		2900.86
2517.43		0.87		2895.8
2517.43		0.86		2890.7399
2517.43		0.85		2885.68
2517.43		0.84		2880.63
2517.43		0.83		2875.58
2517.43		0.82		2870.53
2517.43		0.81		2865.4899
2517.43		0.8		2860.45
2517.43		0.79		2855.41
2517.43		0.78		2850.38
2517.43		0.77		2845.35
2517.43		0.76		2840.32
2517.43		0.75		2835.3
2517.43		0.74		2830.27
2517.43		0.73		2825.26
2517.43		0.72		2820.2399
2517.43		0.71		2815.23
2517.43		0.7		2810.23
2517.43		0.69		2805.2199
2517.43		0.68		2800.2199
2517.43		0.67		2795.23
2517.43		0.66		2790.23
2517.43		0.65		2785.2399
2517.43		0.64		2780.25
2517.43		0.63		2775.27
2517.43		0.62		2770.29
2517.43		0.61		2765.31
2517.43		0.6		2760.34
2517.43		0.59		2755.37
2517.43		0.58		2750.4
2517.43		0.57		2745.43
2517.43		0.56		2740.4699
2517.43		0.55		2735.51
2517.43		0.54		2730.56
2517.43		0.53		2725.61
2517.43		0.52		2720.66
2517.43		0.51		2715.7199
2517.43		0.5		2710.77
2517.43		0.49		2705.84
2517.43		0.48		2700.9
2517.43		0.47		2695.9699
2517.43		0.46		2691.04
2517.43		0.45		2686.12
2517.43		0.44		2681.19
2517.43		0.43		2676.28
2517.43		0.42		2671.36
2517.43		0.41		2666.45
2517.43		0.4		2661.54
2517.43		0.39		2656.63
2517.43		0.38		2651.73
2517.43		0.37		2646.83
2517.43		0.36		2641.93
2517.43		0.35		2637.04
2517.43		0.34		2632.15
2517.43		0.33		2627.27
2517.43		0.32		2622.38
2517.43		0.31		2617.5
2517.43		0.3		2612.63
2517.43		0.29		2607.75
2517.43		0.28		2602.88
2517.43		0.27		2598.02
2517.43		0.26		2593.15
2517.43		0.25		2588.29
2517.43		0.24		2583.43
2517.43		0.23		2578.58
2517.43		0.22		2573.73
2517.43		0.21		2568.88
2517.43		0.2		2564.04
2517.43		0.19		2559.19
2517.43		0.18		2554.36
2517.43		0.17		2549.52
2517.43		0.16		2544.69
2517.43		0.15		2539.86
2517.43		0.14		2535.04
2517.43		0.13		2530.21
2517.43		0.12		2525.4
2517.43		0.11		2520.58
2517.43		0.1		2515.77
2517.43		0.09		2510.96
2517.43		0.08		2506.15
2517.43		0.07		2501.35
2517.43		0.06		2496.55
2517.43		0.05		2491.75
2517.43		0.04		2486.96
2517.43		0.03		2482.17
2517.43		0.02		2477.38
2517.43		0.01		2472.6
2517.43		0.0		2467.82
2961.88		1.0		3432.97
2961.88		0.99		3427.55
2961.88		0.98		3422.13
2961.88		0.97		3416.72
2961.88		0.96		3411.31
2961.88		0.95		3405.9
2961.88		0.94		3400.49
2961.88		0.93		3395.09
2961.88		0.92		3389.69
2961.88		0.91		3384.3
2961.88		0.9		3378.9
2961.88		0.89		3373.51
2961.88		0.88		3368.13
2961.88		0.87		3362.74
2961.88		0.86		3357.36
2961.88		0.85		3351.9899
2961.88		0.84		3346.61
2961.88		0.83		3341.2399
2961.88		0.82		3335.87
2961.88		0.81		3330.51
2961.88		0.8		3325.15
2961.88		0.79		3319.79
2961.88		0.78		3314.43
2961.88		0.77		3309.08
2961.88		0.76		3303.73
2961.88		0.75		3298.38
2961.88		0.74		3293.03
2961.88		0.73		3287.69
2961.88		0.72		3282.36
2961.88		0.71		3277.02
2961.88		0.7		3271.69
2961.88		0.69		3266.36
2961.88		0.68		3261.03
2961.88		0.67		3255.71
2961.88		0.66		3250.39
2961.88		0.65		3245.07
2961.88		0.64		3239.76
2961.88		0.63		3234.45
2961.88		0.62		3229.14
2961.88		0.61		3223.83
2961.88		0.6		3218.53
2961.88		0.59		3213.23
2961.88		0.58		3207.93
2961.88		0.57		3202.64
2961.88		0.56		3197.35
2961.88		0.55		3192.06
2961.88		0.54		3186.78
2961.88		0.53		3181.4899
2961.88		0.52		3176.21
2961.88		0.51		3170.94
2961.88		0.5		3165.66
2961.88		0.49		3160.39
2961.88		0.48		3155.12
2961.88		0.47		3149.86
2961.88		0.46		3144.6
2961.88		0.45		3139.34
2961.88		0.44		3134.08
2961.88		0.43		3128.83
2961.88		0.42		3123.59
2961.88		0.41		3118.34
2961.88		0.4		3113.1
2961.88		0.39		3107.86
2961.88		0.38		3102.63
2961.88		0.37		3097.4
2961.88		0.36		3092.17
2961.88		0.35		3086.95
2961.88		0.34		3081.73
2961.88		0.33		3076.51
2961.88		0.32		3071.3
2961.88		0.31		3066.09
2961.88		0.3		3060.88
2961.88		0.29		3055.68
2961.88		0.28		3050.48
2961.88		0.27		3045.28
2961.88		0.26		3040.09
2961.88		0.25		3034.9
2961.88		0.24		3029.7199
2961.88		0.23		3024.53
2961.88		0.22		3019.36
2961.88		0.21		3014.18
2961.88		0.2		3009.01
2961.88		0.19		3003.84
2961.88		0.18		2998.67
2961.88		0.17		2993.51
2961.88		0.16		2988.35
2961.88		0.15		2983.2
2961.88		0.14		2978.05
2961.88		0.13		2972.9
2961.88		0.12		2967.75
2961.88		0.11		2962.61
2961.88		0.1		2957.48
2961.88		0.09		2952.34
2961.88		0.08		2947.21
2961.88		0.07		2942.08
2961.88		0.06		2936.96
2961.88		0.05		2931.84
2961.88		0.04		2926.7199
2961.88		0.03		2921.61
2961.88		0.02		2916.4899
2961.88		0.01		2911.39
2961.88		0.0		2906.28
3432.97		1.0		3928.42
3432.97		0.99		3922.69
3432.97		0.98		3916.96
3432.97		0.97		3911.23
3432.97		0.96		3905.51
3432.97		0.95		3899.79
3432.97		0.94		3894.08
3432.97		0.93		3888.36
3432.97		0.92		3882.66
3432.97		0.91		3876.95
3432.97		0.9		3871.25
3432.97		0.89		3865.55
3432.97		0.88		3859.85
3432.97		0.87		3854.16
3432.97		0.86		3848.47
3432.97		0.85		3842.78
3432.97		0.84		3837.1
3432.97		0.83		3831.42
3432.97		0.82		3825.74
3432.97		0.81		3820.07
3432.97		0.8		3814.4
3432.97		0.79		3808.73
3432.97		0.78		3803.07
3432.97		0.77		3797.41
3432.97		0.76		3791.75
3432.97		0.75		3786.09
3432.97		0.74		3780.44
3432.97		0.73		3774.79
3432.97		0.72		3769.15
3432.97		0.71		3763.51
3432.97		0.7		3757.87
3432.97		0.69		3752.24
3432.97		0.68		3746.6
3432.97		0.67		3740.97
3432.97		0.66		3735.35
3432.97		0.65		3729.73
3432.97		0.64		3724.11
3432.97		0.63		3718.49
3432.97		0.62		3712.88
3432.97		0.61		3707.27
3432.97		0.6		3701.66
3432.97		0.59		3696.06
3432.97		0.58		3690.46
3432.97		0.57		3684.86
3432.97		0.56		3679.27
3432.97		0.55		3673.68
3432.97		0.54		3668.09
3432.97		0.53		3662.5
3432.97		0.52		3656.92
3432.97		0.51		3651.34
3432.97		0.5		3645.77
3432.97		0.49		3640.2
3432.97		0.48		3634.63
3432.97		0.47		3629.06
3432.97		0.46		3623.5
3432.97		0.45		3617.94
3432.97		0.44		3612.39
3432.97		0.43		3606.83
3432.97		0.42		3601.28
3432.97		0.41		3595.74
3432.97		0.4		3590.19
3432.97		0.39		3584.65
3432.97		0.38		3579.12
3432.97		0.37		3573.58
3432.97		0.36		3568.05
3432.97		0.35		3562.52
3432.97		0.34		3557.0
3432.97		0.33		3551.48
3432.97		0.32		3545.96
3432.97		0.31		3540.44
3432.97		0.3		3534.93
3432.97		0.29		3529.42
3432.97		0.28		3523.92
3432.97		0.27		3518.42
3432.97		0.26		3512.92
3432.97		0.25		3507.42
3432.97		0.24		3501.93
3432.97		0.23		3496.43
3432.97		0.22		3490.95
3432.97		0.21		3485.46
3432.97		0.2		3479.98
3432.97		0.19		3474.51
3432.97		0.18		3469.03
3432.97		0.17		3463.56
3432.97		0.16		3458.09
3432.97		0.15		3452.63
3432.97		0.14		3447.16
3432.97		0.13		3441.7
3432.97		0.12		3436.25
3432.97		0.11		3430.79
3432.97		0.1		3425.35
3432.97		0.09		3419.9
3432.97		0.08		3414.46
3432.97		0.07		3409.01
3432.97		0.06		3403.58
3432.97		0.05		3398.14
3432.97		0.04		3392.71
3432.97		0.03		3387.28
3432.97		0.02		3381.86
3432.97		0.01		3376.44
3432.97		0.0		3371.02
3928.42		1.0		4447.15
3928.42		0.99		4441.17
3928.42		0.98		4435.2
3928.42		0.97		4429.2299
3928.42		0.96		4423.26
3928.42		0.95		4417.29
3928.42		0.94		4411.32
3928.42		0.93		4405.36
3928.42		0.92		4399.4
3928.42		0.91		4393.4399
3928.42		0.9		4387.4799
3928.42		0.89		4381.53
3928.42		0.88		4375.57
3928.42		0.87		4369.62
3928.42		0.86		4363.67
3928.42		0.85		4357.71
3928.42		0.84		4351.76
3928.42		0.83		4345.8
3928.42		0.82		4339.85
3928.42		0.81		4333.91
3928.42		0.8		4327.96
3928.42		0.79		4322.02
3928.42		0.78		4316.08
3928.42		0.77		4310.14
3928.42		0.76		4304.2
3928.42		0.75		4298.26
3928.42		0.74		4292.32
3928.42		0.73		4286.38
3928.42		0.72		4280.4399
3928.42		0.71		4274.5
3928.42		0.7		4268.57
3928.42		0.69		4262.64
3928.42		0.68		4256.71
3928.42		0.67		4250.78
3928.42		0.66		4244.85
3928.42		0.65		4238.92
3928.42		0.64		4232.99
3928.42		0.63		4227.07
3928.42		0.62		4221.15
3928.42		0.61		4215.22
3928.42		0.6		4209.3
3928.42		0.59		4203.37
3928.42		0.58		4197.45
3928.42		0.57		4191.54
3928.42		0.56		4185.63
3928.42		0.55		4179.72
3928.42		0.54		4173.81
3928.42		0.53		4167.91
3928.42		0.52		4162.01
3928.42		0.51		4156.11
3928.42		0.5		4150.22
3928.42		0.49		4144.33
3928.42		0.48		4138.4399
3928.42		0.47		4132.56
3928.42		0.46		4126.68
3928.42		0.45		4120.8
3928.42		0.44		4114.93
3928.42		0.43		4109.06
3928.42		0.42		4103.1899
3928.42		0.41		4097.33
3928.42		0.4		4091.47
3928.42		0.39		4085.61
3928.42		0.38		4079.76
3928.42		0.37		4073.91
3928.42		0.36		4068.06
3928.42		0.35		4062.22
3928.42		0.34		4056.38
3928.42		0.33		4050.55
3928.42		0.32		4044.71
3928.42		0.31		4038.88
3928.42		0.3		4033.06
3928.42		0.29		4027.23
3928.42		0.28		4021.41
3928.42		0.27		4015.6
3928.42		0.26		4009.78
3928.42		0.25		4003.97
3928.42		0.24		3998.17
3928.42		0.23		3992.36
3928.42		0.22		3986.56
3928.42		0.21		3980.77
3928.42		0.2		3974.97
3928.42		0.19		3969.18
3928.42		0.18		3963.4
3928.42		0.17		3957.61
3928.42		0.16		3951.83
3928.42		0.15		3946.05
3928.42		0.14		3940.28
3928.42		0.13		3934.51
3928.42		0.12		3928.74
3928.42		0.11		3922.98
3928.42		0.1		3917.22
3928.42		0.09		3911.46
3928.42		0.08		3905.71
3928.42		0.07		3899.96
3928.42		0.06		3894.21
3928.42		0.05		3888.46
3928.42		0.04		3882.72
3928.42		0.03		3876.98
3928.42		0.02		3871.25
3928.42		0.01		3865.52
3928.42		0.0		3859.79
4447.15		1.0		4975.87
4447.15		0.99		4969.76
4447.15		0.98		4963.64
4447.15		0.97		4957.53
4447.15		0.96		4951.42
4447.15		0.95		4945.3
4447.15		0.94		4939.2
4447.15		0.93		4933.09
4447.15		0.92		4926.9799
4447.15		0.91		4920.88
4447.15		0.9		4914.77
4447.15		0.89		4908.67
4447.15		0.88		4902.57
4447.15		0.87		4896.47
4447.15		0.86		4890.38
4447.15		0.85		4884.28
4447.15		0.84		4878.18
4447.15		0.83		4872.09
4447.15		0.82		4866.0
4447.15		0.81		4859.91
4447.15		0.8		4853.82
4447.15		0.79		4847.7299
4447.15		0.78		4841.65
4447.15		0.77		4835.57
4447.15		0.76		4829.4799
4447.15		0.75		4823.4
4447.15		0.74		4817.32
4447.15		0.73		4811.24
4447.15		0.72		4805.17
4447.15		0.71		4799.09
4447.15		0.7		4793.02
4447.15		0.69		4786.95
4447.15		0.68		4780.88
4447.15		0.67		4774.81
4447.15		0.66		4768.74
4447.15		0.65		4762.67
4447.15		0.64		4756.61
4447.15		0.63		4750.54
4447.15		0.62		4744.4799
4447.15		0.61		4738.42
4447.15		0.6		4732.36
4447.15		0.59		4726.31
4447.15		0.58		4720.25
4447.15		0.57		4714.2
4447.15		0.56		4708.14
4447.15		0.55		4702.09
4447.15		0.54		4696.04
4447.15		0.53		4689.99
4447.15		0.52		4683.95
4447.15		0.51		4677.9
4447.15		0.5		4671.86
4447.15		0.49		4665.81
4447.15		0.48		4659.77
4447.15		0.47		4653.7299
4447.15		0.46		4647.7
4447.15		0.45		4641.66
4447.15		0.44		4635.62
4447.15		0.43		4629.59
4447.15		0.42		4623.56
4447.15		0.41		4617.53
4447.15		0.4		4611.5
4447.15		0.39		4605.47
4447.15		0.38		4599.4399
4447.15		0.37		4593.42
4447.15		0.36		4587.4
4447.15		0.35		4581.37
4447.15		0.34		4575.35
4447.15		0.33		4569.33
4447.15		0.32		4563.32
4447.15		0.31		4557.3
4447.15		0.3		4551.29
4447.15		0.29		4545.27
4447.15		0.28		4539.26
4447.15		0.27		4533.25
4447.15		0.26		4527.24
4447.15		0.25		4521.2299
4447.15		0.24		4515.2299
4447.15		0.23		4509.22
4447.15		0.22		4503.22
4447.15		0.21		4497.22
4447.15		0.2		4491.22
4447.15		0.19		4485.22
4447.15		0.18		4479.2299
4447.15		0.17		4473.2299
4447.15		0.16		4467.24
4447.15		0.15		4461.24
4447.15		0.14		4455.25
4447.15		0.13		4449.26
4447.15		0.12		4443.27
4447.15		0.11		4437.29
4447.15		0.1		4431.3
4447.15		0.09		4425.32
4447.15		0.08		4419.34
4447.15		0.07		4413.36
4447.15		0.06		4407.38
4447.15		0.05		4401.4
4447.15		0.04		4395.42
4447.15		0.03		4389.45
4447.15		0.02		4383.47
4447.15		0.01		4377.5
4447.15		0.0		4371.53
4975.87		1.0		5510.81
4975.87		0.99		5504.6
4975.87		0.98		5498.38
4975.87		0.97		5492.17
4975.87		0.96		5485.95
4975.87		0.95		5479.74
4975.87		0.94		5473.52
4975.87		0.93		5467.31
4975.87		0.92		5461.1
4975.87		0.91		5454.89
4975.87		0.9		5448.68
4975.87		0.89		5442.47
4975.87		0.88		5436.26
4975.87		0.87		5430.05
4975.87		0.86		5423.84
4975.87		0.85		5417.63
4975.87		0.84		5411.43
4975.87		0.83		5405.22
4975.87		0.82		5399.01
4975.87		0.81		5392.8
4975.87		0.8		5386.59
4975.87		0.79		5380.39
4975.87		0.78		5374.18
4975.87		0.77		5367.9799
4975.87		0.76		5361.77
4975.87		0.75		5355.57
4975.87		0.74		5349.37
4975.87		0.73		5343.16
4975.87		0.72		5336.96
4975.87		0.71		5330.75
4975.87		0.7		5324.55
4975.87		0.69		5318.35
4975.87		0.68		5312.15
4975.87		0.67		5305.95
4975.87		0.66		5299.75
4975.87		0.65		5293.54
4975.87		0.64		5287.34
4975.87		0.63		5281.14
4975.87		0.62		5274.9399
4975.87		0.61		5268.74
4975.87		0.6		5262.54
4975.87		0.59		5256.34
4975.87		0.58		5250.14
4975.87		0.57		5243.9399
4975.87		0.56		5237.75
4975.87		0.55		5231.55
4975.87		0.54		5225.36
4975.87		0.53		5219.17
4975.87		0.52		5212.97
4975.87		0.51		5206.79
4975.87		0.5		5200.6
4975.87		0.49		5194.41
4975.87		0.48		5188.2299
4975.87		0.47		5182.04
4975.87		0.46		5175.86
4975.87		0.45		5169.68
4975.87		0.44		5163.5
4975.87		0.43		5157.33
4975.87		0.42		5151.15
4975.87		0.41		5144.9799
4975.87		0.4		5138.8
4975.87		0.39		5132.63
4975.87		0.38		5126.46
4975.87		0.37		5120.29
4975.87		0.36		5114.13
4975.87		0.35		5107.96
4975.87		0.34		5101.8
4975.87		0.33		5095.64
4975.87		0.32		5089.4799
4975.87		0.31		5083.32
4975.87		0.3		5077.16
4975.87		0.29		5071.0
4975.87		0.28		5064.85
4975.87		0.27		5058.7
4975.87		0.26		5052.54
4975.87		0.25		5046.39
4975.87		0.24		5040.24
4975.87		0.23		5034.1
4975.87		0.22		5027.95
4975.87		0.21		5021.81
4975.87		0.2		5015.67
4975.87		0.19		5009.52
4975.87		0.18		5003.38
4975.87		0.17		4997.25
4975.87		0.16		4991.11
4975.87		0.15		4984.9799
4975.87		0.14		4978.84
4975.87		0.13		4972.71
4975.87		0.12		4966.58
4975.87		0.11		4960.45
4975.87		0.1		4954.32
4975.87		0.09		4948.2
4975.87		0.08		4942.07
4975.87		0.07		4935.95
4975.87		0.06		4929.83
4975.87		0.05		4923.71
4975.87		0.04		4917.59
4975.87		0.03		4911.47
4975.87		0.02		4905.36
4975.87		0.01		4899.24
4975.87		0.0		4893.13
5510.81		1.0		6044.75
5510.81		0.99		6038.4799
5510.81		0.98		6032.22
5510.81		0.97		6025.95
5510.81		0.96		6019.6899
5510.81		0.95		6013.43
5510.81		0.94		6007.17
5510.81		0.93		6000.91
5510.81		0.92		5994.65
5510.81		0.91		5988.39
5510.81		0.9		5982.13
5510.81		0.89		5975.87
5510.81		0.88		5969.61
5510.81		0.87		5963.35
5510.81		0.86		5957.09
5510.81		0.85		5950.84
5510.81		0.84		5944.58
5510.81		0.83		5938.33
5510.81		0.82		5932.07
5510.81		0.81		5925.82
5510.81		0.8		5919.56
5510.81		0.79		5913.31
5510.81		0.78		5907.05
5510.81		0.77		5900.8
5510.81		0.76		5894.55
5510.81		0.75		5888.3
5510.81		0.74		5882.05
5510.81		0.73		5875.79
5510.81		0.72		5869.54
5510.81		0.71		5863.29
5510.81		0.7		5857.04
5510.81		0.69		5850.8
5510.81		0.68		5844.55
5510.81		0.67		5838.3
5510.81		0.66		5832.05
5510.81		0.65		5825.8
5510.81		0.64		5819.56
5510.81		0.63		5813.31
5510.81		0.62		5807.07
5510.81		0.61		5800.82
5510.81		0.6		5794.58
5510.81		0.59		5788.33
5510.81		0.58		5782.09
5510.81		0.57		5775.85
5510.81		0.56		5769.61
5510.81		0.55		5763.37
5510.81		0.54		5757.12
5510.81		0.53		5750.88
5510.81		0.52		5744.64
5510.81		0.51		5738.4
5510.81		0.5		5732.16
5510.81		0.49		5725.93
5510.81		0.48		5719.6899
5510.81		0.47		5713.45
5510.81		0.46		5707.21
5510.81		0.45		5700.9799
5510.81		0.44		5694.74
5510.81		0.43		5688.5
5510.81		0.42		5682.27
5510.81		0.41		5676.04
5510.81		0.4		5669.8
5510.81		0.39		5663.57
5510.81		0.38		5657.33
5510.81		0.37		5651.1
5510.81		0.36		5644.87
5510.81		0.35		5638.64
5510.81		0.34		5632.41
5510.81		0.33		5626.18
5510.81		0.32		5619.95
5510.81		0.31		5613.72
5510.81		0.3		5607.49
5510.81		0.29		5601.26
5510.81		0.28		5595.03
5510.81		0.27		5588.8
5510.81		0.26		5582.58
5510.81		0.25		5576.35
5510.81		0.24		5570.13
5510.81		0.23		5563.9
5510.81		0.22		5557.67
5510.81		0.21		5551.45
5510.81		0.2		5545.2299
5510.81		0.19		5539.0
5510.81		0.18		5532.78
5510.81		0.17		5526.56
5510.81		0.16		5520.34
5510.81		0.15		5514.12
5510.81		0.14		5507.89
5510.81		0.13		5501.67
5510.81		0.12		5495.45
5510.81		0.11		5489.2299
5510.81		0.1		5483.02
5510.81		0.09		5476.8
5510.81		0.08		5470.58
5510.81		0.07		5464.36
5510.81		0.06		5458.15
5510.81		0.05		5451.93
5510.81		0.04		5445.71
5510.81		0.03		5439.5
5510.81		0.02		5433.29
5510.81		0.01		5427.07
5510.81		0.0		5420.86
6044.75		1.0		6573.21
6044.75		0.99		6567.03
6044.75		0.98		6560.84
6044.75		0.97		6554.66
6044.75		0.96		6548.47
6044.75		0.95		6542.29
6044.75		0.94		6536.1
6044.75		0.93		6529.91
6044.75		0.92		6523.72
6044.75		0.91		6517.52
6044.75		0.9		6511.31
6044.75		0.89		6505.11
6044.75		0.88		6498.9
6044.75		0.87		6492.6899
6044.75		0.86		6486.47
6044.75		0.85		6480.26
6044.75		0.84		6474.04
6044.75		0.83		6467.83
6044.75		0.82		6461.61
6044.75		0.81		6455.39
6044.75		0.8		6449.17
6044.75		0.79		6442.95
6044.75		0.78		6436.72
6044.75		0.77		6430.49
6044.75		0.76		6424.25
6044.75		0.75		6418.01
6044.75		0.74		6411.77
6044.75		0.73		6405.53
6044.75		0.72		6399.29
6044.75		0.71		6393.05
6044.75		0.7		6386.8
6044.75		0.69		6380.55
6044.75		0.68		6374.29
6044.75		0.67		6368.03
6044.75		0.66		6361.77
6044.75		0.65		6355.51
6044.75		0.64		6349.25
6044.75		0.63		6342.99
6044.75		0.62		6336.72
6044.75		0.61		6330.4399
6044.75		0.6		6324.17
6044.75		0.59		6317.89
6044.75		0.58		6311.62
6044.75		0.57		6305.33
6044.75		0.56		6299.04
6044.75		0.55		6292.75
6044.75		0.54		6286.46
6044.75		0.53		6280.17
6044.75		0.52		6273.88
6044.75		0.51		6267.6
6044.75		0.5		6261.31
6044.75		0.49		6255.02
6044.75		0.48		6248.7299
6044.75		0.47		6242.45
6044.75		0.46		6236.16
6044.75		0.45		6229.88
6044.75		0.44		6223.59
6044.75		0.43		6217.31
6044.75		0.42		6211.03
6044.75		0.41		6204.75
6044.75		0.4		6198.46
6044.75		0.39		6192.18
6044.75		0.38		6185.9
6044.75		0.37		6179.62
6044.75		0.36		6173.34
6044.75		0.35		6167.06
6044.75		0.34		6160.78
6044.75		0.33		6154.5
6044.75		0.32		6148.22
6044.75		0.31		6141.95
6044.75		0.3		6135.67
6044.75		0.29		6129.39
6044.75		0.28		6123.12
6044.75		0.27		6116.84
6044.75		0.26		6110.57
6044.75		0.25		6104.29
6044.75		0.24		6098.02
6044.75		0.23		6091.74
6044.75		0.22		6085.47
6044.75		0.21		6079.2
6044.75		0.2		6072.93
6044.75		0.19		6066.66
6044.75		0.18		6060.38
6044.75		0.17		6054.11
6044.75		0.16		6047.84
6044.75		0.15		6041.57
6044.75		0.14		6035.31
6044.75		0.13		6029.04
6044.75		0.12		6022.77
6044.75		0.11		6016.5
6044.75		0.1		6010.24
6044.75		0.09		6003.97
6044.75		0.08		5997.7
6044.75		0.07		5991.4399
6044.75		0.06		5985.17
6044.75		0.05		5978.91
6044.75		0.04		5972.65
6044.75		0.03		5966.38
6044.75		0.02		5960.12
6044.75		0.01		5953.86
6044.75		0.0		5947.6
6573.21		1.0		7078.26
6573.21		0.99		7072.27
6573.21		0.98		7066.27
6573.21		0.97		7060.28
6573.21		0.96		7054.28
6573.21		0.95		7048.28
6573.21		0.94		7042.28
6573.21		0.93		7036.27
6573.21		0.92		7030.27
6573.21		0.91		7024.26
6573.21		0.9		7018.25
6573.21		0.89		7012.23
6573.21		0.88		7006.22
6573.21		0.87		7000.2
6573.21		0.86		6994.19
6573.21		0.85		6988.17
6573.21		0.84		6982.14
6573.21		0.83		6976.12
6573.21		0.82		6970.09
6573.21		0.81		6964.06
6573.21		0.8		6958.03
6573.21		0.79		6952.0
6573.21		0.78		6945.96
6573.21		0.77		6939.93
6573.21		0.76		6933.89
6573.21		0.75		6927.85
6573.21		0.74		6921.81
6573.21		0.73		6915.76
6573.21		0.72		6909.71
6573.21		0.71		6903.67
6573.21		0.7		6897.61
6573.21		0.69		6891.56
6573.21		0.68		6885.51
6573.21		0.67		6879.45
6573.21		0.66		6873.39
6573.21		0.65		6867.33
6573.21		0.64		6861.27
6573.21		0.63		6855.2
6573.21		0.62		6849.13
6573.21		0.61		6843.06
6573.21		0.6		6836.99
6573.21		0.59		6830.92
6573.21		0.58		6824.84
6573.21		0.57		6818.77
6573.21		0.56		6812.68
6573.21		0.55		6806.6
6573.21		0.54		6800.52
6573.21		0.53		6794.43
6573.21		0.52		6788.35
6573.21		0.51		6782.26
6573.21		0.5		6776.16
6573.21		0.49		6770.07
6573.21		0.48		6763.97
6573.21		0.47		6757.88
6573.21		0.46		6751.77
6573.21		0.45		6745.67
6573.21		0.44		6739.57
6573.21		0.43		6733.46
6573.21		0.42		6727.35
6573.21		0.41		6721.24
6573.21		0.4		6715.13
6573.21		0.39		6709.02
6573.21		0.38		6702.9
6573.21		0.37		6696.78
6573.21		0.36		6690.66
6573.21		0.35		6684.54
6573.21		0.34		6678.41
6573.21		0.33		6672.29
6573.21		0.32		6666.16
6573.21		0.31		6660.03
6573.21		0.3		6653.89
6573.21		0.29		6647.76
6573.21		0.28		6641.62
6573.21		0.27		6635.4799
6573.21		0.26		6629.34
6573.21		0.25		6623.2
6573.21		0.24		6617.05
6573.21		0.23		6610.9
6573.21		0.22		6604.75
6573.21		0.21		6598.6
6573.21		0.2		6592.45
6573.21		0.19		6586.29
6573.21		0.18		6580.13
6573.21		0.17		6573.97
6573.21		0.16		6567.81
6573.21		0.15		6561.65
6573.21		0.14		6555.4799
6573.21		0.13		6549.31
6573.21		0.12		6543.14
6573.21		0.11		6536.97
6573.21		0.1		6530.79
6573.21		0.09		6524.62
6573.21		0.08		6518.4399
6573.21		0.07		6512.26
6573.21		0.06		6506.07
6573.21		0.05		6499.89
6573.21		0.04		6493.7
6573.21		0.03		6487.51
6573.21		0.02		6481.32
6573.21		0.01		6475.13
6573.21		0.0		6468.93
7078.26		1.0		7557.61
7078.26		0.99		7551.82
7078.26		0.98		7546.04
7078.26		0.97		7540.25
7078.26		0.96		7534.45
7078.26		0.95		7528.66
7078.26		0.94		7522.86
7078.26		0.93		7517.06
7078.26		0.92		7511.26
7078.26		0.91		7505.45
7078.26		0.9		7499.64
7078.26		0.89		7493.83
7078.26		0.88		7488.02
7078.26		0.87		7482.2
7078.26		0.86		7476.38
7078.26		0.85		7470.56
7078.26		0.84		7464.73
7078.26		0.83		7458.91
7078.26		0.82		7453.08
7078.26		0.81		7447.24
7078.26		0.8		7441.41
7078.26		0.79		7435.57
7078.26		0.78		7429.73
7078.26		0.77		7423.89
7078.26		0.76		7418.04
7078.26		0.75		7412.19
7078.26		0.74		7406.34
7078.26		0.73		7400.49
7078.26		0.72		7394.63
7078.26		0.71		7388.77
7078.26		0.7		7382.91
7078.26		0.69		7377.04
7078.26		0.68		7371.17
7078.26		0.67		7365.3
7078.26		0.66		7359.43
7078.26		0.65		7353.55
7078.26		0.64		7347.67
7078.26		0.63		7341.79
7078.26		0.62		7335.91
7078.26		0.61		7330.02
7078.26		0.6		7324.13
7078.26		0.59		7318.24
7078.26		0.58		7312.35
7078.26		0.57		7306.45
7078.26		0.56		7300.56
7078.26		0.55		7294.66
7078.26		0.54		7288.76
7078.26		0.53		7282.86
7078.26		0.52		7276.95
7078.26		0.51		7271.05
7078.26		0.5		7265.14
7078.26		0.49		7259.23
7078.26		0.48		7253.32
7078.26		0.47		7247.4
7078.26		0.46		7241.49
7078.26		0.45		7235.57
7078.26		0.44		7229.65
7078.26		0.43		7223.73
7078.26		0.42		7217.8
7078.26		0.41		7211.88
7078.26		0.4		7205.95
7078.26		0.39		7200.02
7078.26		0.38		7194.09
7078.26		0.37		7188.15
7078.26		0.36		7182.22
7078.26		0.35		7176.28
7078.26		0.34		7170.34
7078.26		0.33		7164.4
7078.26		0.32		7158.45
7078.26		0.31		7152.5
7078.26		0.3		7146.56
7078.26		0.29		7140.61
7078.26		0.28		7134.65
7078.26		0.27		7128.7
7078.26		0.26		7122.74
7078.26		0.25		7116.79
7078.26		0.24		7110.83
7078.26		0.23		7104.86
7078.26		0.22		7098.9
7078.26		0.21		7092.93
7078.26		0.2		7086.97
7078.26		0.19		7081.0
7078.26		0.18		7075.02
7078.26		0.17		7069.05
7078.26		0.16		7063.07
7078.26		0.15		7057.09
7078.26		0.14		7051.11
7078.26		0.13		7045.13
7078.26		0.12		7039.15
7078.26		0.11		7033.16
7078.26		0.1		7027.17
7078.26		0.09		7021.18
7078.26		0.08		7015.19
7078.26		0.07		7009.2
7078.26		0.06		7003.2
7078.26		0.05		6997.2
7078.26		0.04		6991.2
7078.26		0.03		6985.2
7078.26		0.02		6979.19
7078.26		0.01		6973.19
7078.26		0.0		6967.18
7557.61		1.0		8008.6
7557.61		0.99		8003.04
7557.61		0.98		7997.48
7557.61		0.97		7991.91
7557.61		0.96		7986.34
7557.61		0.95		7980.77
7557.61		0.94		7975.19
7557.61		0.93		7969.62
7557.61		0.92		7964.04
7557.61		0.91		7958.46
7557.61		0.9		7952.88
7557.61		0.89		7947.29
7557.61		0.88		7941.7
7557.61		0.87		7936.11
7557.61		0.86		7930.51
7557.61		0.85		7924.92
7557.61		0.84		7919.32
7557.61		0.83		7913.72
7557.61		0.82		7908.11
7557.61		0.81		7902.51
7557.61		0.8		7896.9
7557.61		0.79		7891.29
7557.61		0.78		7885.67
7557.61		0.77		7880.06
7557.61		0.76		7874.44
7557.61		0.75		7868.82
7557.61		0.74		7863.19
7557.61		0.73		7857.57
7557.61		0.72		7851.94
7557.61		0.71		7846.31
7557.61		0.7		7840.68
7557.61		0.69		7835.04
7557.61		0.68		7829.4
7557.61		0.67		7823.76
7557.61		0.66		7818.11
7557.61		0.65		7812.47
7557.61		0.64		7806.82
7557.61		0.63		7801.17
7557.61		0.62		7795.52
7557.61		0.61		7789.86
7557.61		0.6		7784.2
7557.61		0.59		7778.54
7557.61		0.58		7772.88
7557.61		0.57		7767.21
7557.61		0.56		7761.54
7557.61		0.55		7755.87
7557.61		0.54		7750.2
7557.61		0.53		7744.52
7557.61		0.52		7738.84
7557.61		0.51		7733.16
7557.61		0.5		7727.48
7557.61		0.49		7721.79
7557.61		0.48		7716.1
7557.61		0.47		7710.41
7557.61		0.46		7704.72
7557.61		0.45		7699.02
7557.61		0.44		7693.32
7557.61		0.43		7687.62
7557.61		0.42		7681.92
7557.61		0.41		7676.21
7557.61		0.4		7670.5
7557.61		0.39		7664.79
7557.61		0.38		7659.08
7557.61		0.37		7653.36
7557.61		0.36		7647.64
7557.61		0.35		7641.92
7557.61		0.34		7636.2
7557.61		0.33		7630.47
7557.61		0.32		7624.74
7557.61		0.31		7619.01
7557.61		0.3		7613.28
7557.61		0.29		7607.54
7557.61		0.28		7601.8
7557.61		0.27		7596.06
7557.61		0.26		7590.31
7557.61		0.25		7584.57
7557.61		0.24		7578.82
7557.61		0.23		7573.07
7557.61		0.22		7567.31
7557.61		0.21		7561.55
7557.61		0.2		7555.79
7557.61		0.19		7550.03
7557.61		0.18		7544.27
7557.61		0.17		7538.5
7557.61		0.16		7532.73
7557.61		0.15		7526.96
7557.61		0.14		7521.18
7557.61		0.13		7515.41
7557.61		0.12		7509.63
7557.61		0.11		7503.84
7557.61		0.1		7498.06
7557.61		0.09		7492.27
7557.61		0.08		7486.48
7557.61		0.07		7480.69
7557.61		0.06		7474.89
7557.61		0.05		7469.1
7557.61		0.04		7463.3
7557.61		0.03		7457.49
7557.61		0.02		7451.69
7557.61		0.01		7445.88
7557.61		0.0		7440.07
8008.6		1.0		8432.05
8008.6		0.99		8426.7099
8008.6		0.98		8421.3799
8008.6		0.97		8416.03
8008.6		0.96		8410.67
8008.6		0.95		8405.31
8008.6		0.94		8399.95
8008.6		0.93		8394.58
8008.6		0.92		8389.2099
8008.6		0.91		8383.84
8008.6		0.9		8378.47
8008.6		0.89		8373.09
8008.6		0.88		8367.7099
8008.6		0.87		8362.33
8008.6		0.86		8356.95
8008.6		0.85		8351.56
8008.6		0.84		8346.17
8008.6		0.83		8340.79
8008.6		0.82		8335.39
8008.6		0.81		8330.0
8008.6		0.8		8324.6
8008.6		0.79		8319.2
8008.6		0.78		8313.8
8008.6		0.77		8308.39
8008.6		0.76		8302.99
8008.6		0.75		8297.58
8008.6		0.74		8292.16
8008.6		0.73		8286.75
8008.6		0.72		8281.33
8008.6		0.71		8275.91
8008.6		0.7		8270.49
8008.6		0.69		8265.07
8008.6		0.68		8259.64
8008.6		0.67		8254.2099
8008.6		0.66		8248.78
8008.6		0.65		8243.35
8008.6		0.64		8237.92
8008.6		0.63		8232.48
8008.6		0.62		8227.04
8008.6		0.61		8221.59
8008.6		0.6		8216.15
8008.6		0.59		8210.7
8008.6		0.58		8205.25
8008.6		0.57		8199.8
8008.6		0.56		8194.34
8008.6		0.55		8188.89
8008.6		0.54		8183.43
8008.6		0.53		8177.96
8008.6		0.52		8172.5
8008.6		0.51		8167.03
8008.6		0.5		8161.56
8008.6		0.49		8156.09
8008.6		0.48		8150.62
8008.6		0.47		8145.14
8008.6		0.46		8139.66
8008.6		0.45		8134.18
8008.6		0.44		8128.69
8008.6		0.43		8123.21
8008.6		0.42		8117.72
8008.6		0.41		8112.23
8008.6		0.4		8106.73
8008.6		0.39		8101.24
8008.6		0.38		8095.74
8008.6		0.37		8090.24
8008.6		0.36		8084.74
8008.6		0.35		8079.23
8008.6		0.34		8073.72
8008.6		0.33		8068.21
8008.6		0.32		8062.7
8008.6		0.31		8057.18
8008.6		0.3		8051.66
8008.6		0.29		8046.14
8008.6		0.28		8040.62
8008.6		0.27		8035.09
8008.6		0.26		8029.56
8008.6		0.25		8024.04
8008.6		0.24		8018.5
8008.6		0.23		8012.97
8008.6		0.22		8007.43
8008.6		0.21		8001.89
8008.6		0.2		7996.35
8008.6		0.19		7990.8
8008.6		0.18		7985.25
8008.6		0.17		7979.71
8008.6		0.16		7974.15
8008.6		0.15		7968.6
8008.6		0.14		7963.04
8008.6		0.13		7957.48
8008.6		0.12		7951.92
8008.6		0.11		7946.35
8008.6		0.1		7940.79
8008.6		0.09		7935.22
8008.6		0.08		7929.65
8008.6		0.07		7924.07
8008.6		0.06		7918.49
8008.6		0.05		7912.92
8008.6		0.04		7907.33
8008.6		0.03		7901.75
8008.6		0.02		7896.16
8008.6		0.01		7890.57
8008.6		0.0		7884.98
8432.05		1.0		8822.2
8822.2		1.0		8936.33
8822.2		0.99		8933.89
8822.2		0.98		8931.44
8822.2		0.97		8928.82
8822.2		0.96		8926.37
8822.2		0.95		8923.92
8822.2		0.94		8921.47
8822.2		0.93		8918.85
8822.2		0.92		8916.4
8822.2		0.91		8913.95
8822.2		0.9		8911.5
8822.2		0.89		8909.05
8822.2		0.88		8906.44
8822.2		0.87		8903.99
8822.2		0.86		8901.3799
8822.2		0.85		8898.93
8822.2		0.84		8896.48
8822.2		0.83		8894.03
8822.2		0.82		8891.58
8822.2		0.81		8889.12
8822.2		0.8		8926.58
8822.2		0.79		8923.36
8822.2		0.78		8920.42
8822.2		0.77		8917.49
8822.2		0.76		8914.55
8822.2		0.75		8911.61
8822.2		0.74		8908.53
8822.2		0.73		8905.4599
8822.2		0.72		8902.52
8822.2		0.71		8899.58
8822.2		0.7		8896.64
8822.2		0.69		8893.57
8822.2		0.68		8890.62
8822.2		0.67		8887.68
8822.2		0.66		8917.56
8822.2		0.65		8914.1299
8822.2		0.64		8910.7
8822.2		0.63		8907.15
8822.2		0.62		8903.61
8822.2		0.61		8900.18
8822.2		0.6		8896.75
8822.2		0.59		8893.31
8822.2		0.58		8889.77
8822.2		0.57		8914.67
8822.2		0.56		8910.75
8822.2		0.55		8906.83
8822.2		0.54		8902.9
8822.2		0.53		8898.79
8822.2		0.52		8894.86
8822.2		0.51		8890.94
8822.2		0.5		8911.95
8822.2		0.49		8907.45
8822.2		0.48		8903.03
8822.2		0.47		8898.61
8822.2		0.46		8894.11
8822.2		0.45		8889.68
8822.2		0.44		8907.2099
8822.2		0.43		8902.3
8822.2		0.42		8897.39
8822.2		0.41		8892.47
8822.2		0.4		8887.54
8822.2		0.39		8882.62
8822.2		0.38		8877.69
8822.2		0.37		8872.75
8822.2		0.36		8867.81
8822.2		0.35		8862.87
8822.2		0.34		8857.93
8822.2		0.33		8852.98
8822.2		0.32		8848.03
8822.2		0.31		8843.07
8822.2		0.3		8838.11
8822.2		0.29		8833.15
8822.2		0.28		8828.18
8822.2		0.27		8823.2099
8822.2		0.26		8818.24
8822.2		0.25		8813.26
8822.2		0.24		8808.28
8822.2		0.23		8803.29
8822.2		0.22		8798.3
8822.2		0.21		8793.31
8822.2		0.2		8788.31
8822.2		0.19		8783.31
8822.2		0.18		8778.31
8822.2		0.17		8773.3
8822.2		0.16		8768.29
8822.2		0.15		8763.28
8822.2		0.14		8758.26
8822.2		0.13		8753.24
8822.2		0.12		8748.2099
8822.2		0.11		8743.18
8822.2		0.1		8738.15
8822.2		0.09		8733.11
8822.2		0.08		8728.07
8822.2		0.07		8723.03
8822.2		0.06		8717.98
8822.2		0.05		8712.93
8822.2		0.04		8707.87
8822.2		0.03		8702.81
8822.2		0.02		8697.75
8822.2		0.01		8692.68
8822.2		0.0		8687.61
8432.05		0.99		8817.19
8432.05		0.98		8812.18
8432.05		0.97		8807.16
8432.05		0.96		8802.14
8432.05		0.95		8797.12
8432.05		0.94		8792.1
8432.05		0.93		8787.07
8432.05		0.92		8782.04
8432.05		0.91		8777.0
8432.05		0.9		8771.9599
8432.05		0.89		8766.92
8432.05		0.88		8761.87
8432.05		0.87		8756.81
8432.05		0.86		8751.76
8432.05		0.85		8746.7
8432.05		0.84		8741.64
8432.05		0.83		8736.57
8432.05		0.82		8731.5
8432.05		0.81		8726.42
8432.05		0.8		8721.35
8432.05		0.79		8716.27
8432.05		0.78		8711.18
8432.05		0.77		8706.09
8432.05		0.76		8701.0
8432.05		0.75		8695.9
8432.05		0.74		8690.8
8432.05		0.73		8685.7
8432.05		0.72		8680.59
8432.05		0.71		8675.48
8432.05		0.7		8670.36
8432.05		0.69		8665.24
8432.05		0.68		8660.12
8432.05		0.67		8654.99
8432.05		0.66		8649.86
8432.05		0.65		8644.73
8432.05		0.64		8639.59
8432.05		0.63		8634.45
8432.05		0.62		8629.3
8432.05		0.61		8624.15
8432.05		0.6		8619.0
8432.05		0.59		8613.84
8432.05		0.58		8608.68
8432.05		0.57		8603.52
8432.05		0.56		8598.35
8432.05		0.55		8593.17
8432.05		0.54		8588.0
8432.05		0.53		8582.81
8432.05		0.52		8577.6299
8432.05		0.51		8572.44
8432.05		0.5		8567.25
8432.05		0.49		8562.06
8432.05		0.48		8556.86
8432.05		0.47		8551.65
8432.05		0.46		8546.45
8432.05		0.45		8541.23
8432.05		0.44		8536.02
8432.05		0.43		8530.8
8432.05		0.42		8525.58
8432.05		0.41		8520.35
8432.05		0.4		8515.12
8432.05		0.39		8509.89
8432.05		0.38		8504.65
8432.05		0.37		8499.41
8432.05		0.36		8494.16
8432.05		0.35		8488.91
8432.05		0.34		8483.66
8432.05		0.33		8478.4
8432.05		0.32		8473.14
8432.05		0.31		8467.8799
8432.05		0.3		8462.61
8432.05		0.29		8457.33
8432.05		0.28		8452.06
8432.05		0.27		8446.78
8432.05		0.26		8441.49
8432.05		0.25		8436.2099
8432.05		0.24		8430.91
8432.05		0.23		8425.62
8432.05		0.22		8420.32
8432.05		0.21		8415.01
8432.05		0.2		8409.7099
8432.05		0.19		8404.39
8432.05		0.18		8399.08
8432.05		0.17		8393.76
8432.05		0.16		8388.44
8432.05		0.15		8383.11
8432.05		0.14		8377.78
8432.05		0.13		8372.44
8432.05		0.12		8367.1
8432.05		0.11		8361.75
8432.05		0.1		8356.4
8432.05		0.09		8351.05
8432.05		0.08		8345.69
8432.05		0.07		8340.33
8432.05		0.06		8334.97
8432.05		0.05		8329.6
8432.05		0.04		8324.23
8432.05		0.03		8318.86
8432.05		0.02		8313.48
8432.05		0.01		8308.1
8432.05		0.0		8302.72
