OldState	Action		NewState
2527.94	1.0	106.406
2532.71	1.0	106.406
2538.46	1.0	106.406
2553.81	1.0	106.406
2562.42	1.0	106.406
2591.65	1.0	106.406
2597.38	1.0	106.406
2640.5	1.0	106.406
2646.29	1.0	106.406
2689.06	1.0	106.406
2725.72	1.0	106.406
2732.28	1.0	106.406
2740.97	1.0	106.406
2795.14	1.0	106.406
2816.04	1.0	106.406
2851.59	1.0	106.406
2911.33	1.0	106.406
2920.59	1.0	106.406
2975.61	1.0	106.406
3020.39	1.0	106.406
3045.14	1.0	106.406
3109.68	1.0	106.406
3119.75	1.0	106.406
3185.08	1.0	106.406
3189.99	1.0	106.406
3198.8	1.0	106.406
3244.54	1.0	106.406
3281.48	1.0	106.406
3292.25	1.0	106.406
3292.67	1.0	106.406
3302.49	1.0	106.406
3302.85	1.0	106.406
3367.54	1.0	106.406
3456.85	1.0	106.406
3549.28	1.0	106.406
3644.67	1.0	106.406
3673.12	1.0	106.406
3742.71	1.0	106.406
3842.9	1.0	106.406
3884.83	1.0	106.406
3896.9	1.0	106.406
3907.95	1.0	106.406
3919.08	1.0	106.406
3930.3	1.0	106.406
3941.59	1.0	106.406
3952.97	1.0	106.406
3954.72	1.0	106.406
3964.43	1.0	106.406
3975.97	1.0	106.406
3987.6	1.0	106.406
3999.31	1.0	106.406
4011.11	1.0	106.406
4056.92	1.0	106.406
4158.71	1.0	106.406
4180.75	1.0	106.406
4258.77	1.0	106.406
4355.14	1.0	106.406
4447.73	1.0	106.406
4537.01	1.0	106.406
4623.73	1.0	106.406
4705.79	1.0	106.406
4709.01	1.0	106.406
4794.04	1.0	106.406
4880.05	1.0	106.406
4968.02	1.0	106.406
5058.68	1.0	106.406
5152.4	1.0	106.406
5238.06	1.0	106.406
5249.22	1.0	106.406
5348.37	1.0	106.406
5449.1	1.0	106.406
5550.9	1.0	106.406
5653.18	1.0	106.406
5755.15	1.0	106.406
5773.21	1.0	106.406
5856.1	1.0	106.406
5955.26	1.0	106.406
6052.12	1.0	106.406
6146.35	1.0	106.406
6237.89	1.0	106.406
6305.98	1.0	106.406
6326.64	1.0	106.406
6411.35	1.0	106.406
6492.63	1.0	106.406
6571.56	1.0	106.406
6649.14	1.0	106.406
6726.29	1.0	106.406
6803.7	1.0	106.406
6824.36	1.0	106.406
6881.84	1.0	106.406
6960.86	1.0	106.406
7040.72	1.0	106.406
7121.15	1.0	106.406
7201.78	1.0	106.406
7282.1	1.0	106.406
7316.89	1.0	106.406
7361.6	1.0	106.406
7439.41	1.0	106.406
7515.18	1.0	106.406
7588.74	1.0	106.406
7660.08	1.0	106.406
7729.37	1.0	106.406
7782.54	1.0	106.406
7796.88	1.0	106.406
7863.0	1.0	106.406
OldState	Action		NewState
7796.88	1.0	OldState	Action		NewState
8219.82	1.0	OldState	Action		NewState
2527.94	1.0	106.406
OldState	Action		NewState
2527.94	1.0	106.406
2532.71	1.0	106.406
2538.46	1.0	106.406
2553.81	1.0	106.406
2562.42	1.0	106.406
2591.65	1.0	106.406
2597.38	1.0	106.406
OldState	Action		NewState
2527.94	106.406
OldState	Action		NewState
2527.94	106.406
OldState	Action		NewState
2301.16	OldState	Action		NewState
2301.16	OldState	Action		NewState
2301.16	OldState	Action		NewState
2301.16	OldState	Action		NewState
OldState	Action		NewState
2301.16	OldState	Action		NewState
2301.16	OldState	Action		NewState
2301.16	OldState	Action		NewState
2301.16	OldState	Action		NewState
2301.16	OldState	Action		NewState
OldState	Action		NewState
2301.16	OldState	Action		NewState
OldState	Action		NewState
2301.16	OldState	Action		NewState
OldState	Action		NewState
2301.16	OldState	Action		NewState
2301.16	OldState	Action		NewState
2301.16	OldState	Action		NewState
2301.16	OldState	Action		NewState
2301.16	OldState	Action		NewState
2301.16	OldState	Action		NewState
2301.16	OldState	Action		NewState
2301.16	OldState	Action		NewState
2301.16	OldState	Action		NewState
2301.16	OldState	Action		NewState
2301.16	OldState	Action		NewState
2301.16	OldState	Action		NewState
2301.16	OldState	Action		NewState
2301.16	OldState	Action		NewState
2301.16	OldState	Action		NewState
2301.16	OldState	Action		NewState
2301.16	OldState	Action		NewState
2301.16	OldState	Action		NewState
2301.16	OldState	Action		NewState
2301.16	OldState	Action		NewState
2301.16	OldState	Action		NewState
2301.16	OldState	Action		NewState
2301.16	OldState	Action		NewState
2301.16	OldState	Action		NewState
2301.16	OldState	Action		NewState
2301.16	OldState	Action		NewState
2301.16	OldState	Action		NewState
OldState	Action		NewState
2301.16	OldState	Action		NewState
2301.16	OldState	Action		NewState
2301.16	OldState	Action		NewState
OldState	Action		NewState
4011.11	65.4795
3907.95	65.4795
3975.97	65.4795
2282.32	65.4795
2732.28	65.4795
3189.99	65.4795
3673.12	65.4795
4180.75	65.4795
4705.79	65.4795
5238.06	65.4795
5773.21	65.4795
6305.98	65.4795
6824.36	65.4795
7316.89	65.4795
7782.54	65.4795
8219.82	65.4795
8628.26	65.4795
8889.06	65.4795
8891.02	65.4795
OldState	Action		NewState
4011.11	OldState	Action		NewState
4011.11	OldState	Action		NewState
4011.11	