Speed		Angle		Steer		Radius
100.573		0.0030		-0.034		103.442
101.566		0.0030		-0.034		103.475
102.559		0.0030		-0.034		103.508
103.552		0.0030		-0.034		103.541
104.545		0.0040		-0.034		103.576
105.538		0.0040		-0.034		103.61
106.531		0.0040		-0.034		103.644
107.524		0.0050		-0.034		103.679
108.516		0.0050		-0.034		103.713
109.507		0.0050		-0.034		103.749
110.499		0.0050		-0.034		103.787
111.491		0.0060		-0.034		103.82
112.482		0.0060		-0.034		103.855
113.473		0.0060		-0.034		103.893
114.464		0.0070		-0.034		103.929
115.455		0.0070		-0.034		103.966
116.446		0.0070		-0.034		104.002
117.436		0.0070		-0.034		104.039
118.427		0.0080		-0.034		104.077
119.417		0.0080		-0.034		104.116
120.407		0.0080		-0.034		104.153
121.397		0.0090		-0.034		104.192
122.386		0.0090		-0.034		104.23
123.375		0.0090		-0.034		104.27
124.361		0.01		-0.034		104.309
125.347		0.01		-0.034		104.349
126.514		0.01		-0.034		104.396
127.507		0.011		-0.034		104.437
128.5		0.011		-0.034		104.474
129.492		0.011		-0.034		104.518
130.485		0.012		-0.035		104.559
131.477		0.012		-0.035		104.604
132.469		0.012		-0.035		104.642
133.461		0.013		-0.035		104.686
134.453		0.013		-0.035		104.728
135.445		0.014		-0.035		104.77
136.437		0.014		-0.035		104.813
137.428		0.014		-0.035		104.857
138.42		0.015		-0.035		104.901
139.411		0.015		-0.035		104.945
140.402		0.015		-0.035		104.992
141.393		0.016		-0.035		105.034
142.384		0.016		-0.035		105.078
143.375		0.017		-0.035		105.124
144.365		0.017		-0.035		105.169
145.356		0.017		-0.035		105.217
146.346		0.018		-0.035		105.262
147.336		0.018		-0.035		105.308
148.325		0.018		-0.035		105.356
149.314		0.019		-0.035		105.402
150.303		0.019		-0.035		105.45
151.292		0.02		-0.035		105.497
152.28		0.02		-0.035		105.545
153.268		0.02		-0.035		105.594
154.256		0.021		-0.035		105.642
155.244		0.021		-0.035		105.697
156.231		0.022		-0.035		105.741
157.218		0.022		-0.035		105.791
158.205		0.023		-0.035		105.84
159.192		0.023		-0.035		105.89
160.178		0.023		-0.035		105.942
161.164		0.024		-0.035		105.992
162.15		0.024		-0.035		106.043
163.135		0.025		-0.035		106.095
164.12		0.025		-0.035		106.147
165.105		0.026		-0.035		106.2
166.09		0.026		-0.035		106.253
167.074		0.026		-0.035		106.305
168.056		0.027		-0.035		106.358
169.036		0.027		-0.035		106.411
170.016		0.028		-0.035		106.465
171.088		0.028		-0.035		106.526
172.089		0.029		-0.035		106.58
173.095		0.029		-0.035		106.635
174.09		0.03		-0.035		106.691
175.065		0.03		-0.035		106.748
176.062		0.031		-0.035		106.804
177.047		0.031		-0.035		106.828
178.031		0.032		-0.035		106.916
179.015		0.032		-0.035		106.953
180.05		0.033		-0.035		107.034
181.081		0.033		-0.035		107.095
182.083		0.034		-0.035		107.155
183.085		0.035		-0.035		107.214
184.074		0.035		-0.035		107.261
185.075		0.036		-0.035		107.334
186.082		0.036		-0.035		107.393
187.062		0.037		-0.035		107.455
188.06		0.037		-0.035		107.515
189.056		0.038		-0.035		107.576
190.035		0.038		-0.035		107.638
191.044		0.039		-0.035		107.666
192.04		0.04		-0.035		107.762
193.015		0.04		-0.035		107.826
194.049		0.041		-0.035		107.886
195.082		0.041		-0.034		107.927
196.019		0.042		-0.035		108.016
197.054		0.043		-0.034		108.083
198.066		0.043		-0.034		108.149
199.052		0.044		-0.034		108.213
200.021		0.045		-0.034		108.277
201.018		0.045		-0.034		108.345
202.03		0.046		-0.034		108.411
203.052		0.047		-0.034		108.479
204.013		0.047		-0.034		109.519
204.993		0.048		-0.034		108.609
206.016		0.049		-0.034		108.691
207.017		0.049		-0.033		108.75
208.006		0.05		-0.033		108.817
209.0		0.051		-0.033		108.886
209.982		0.051		-0.033		108.959
210.992		0.052		-0.033		109.026
211.984		0.053		-0.033		109.097
212.987		0.054		-0.033		109.167
214.001		0.054		-0.032		109.204
214.975		0.055		-0.032		109.309
215.962		0.056		-0.032		109.352
216.964		0.057		-0.032		109.456
217.959		0.057		-0.032		109.529
218.937		0.058		-0.031		109.569
219.939		0.059		-0.031		109.669
220.924		0.06		-0.031		109.75
221.953		0.061		-0.031		109.794
222.963		0.062		-0.03		109.902
223.953		0.063		-0.03		109.94
224.955		0.064		-0.03		110.206
225.945		0.065		-0.029		110.117
226.934		0.066		-0.029		110.132
227.93		0.067		-0.028		110.352
228.923		0.068		-0.028		111.375
80.502		-0.0010		-0.034		102.835
81.491		-0.0010		-0.034		102.863
82.48		-0.0010		-0.034		102.89
83.659		-0.0010		-0.034		102.923
84.655		-0.0010		-0.034		102.953
85.651		0.0		-0.034		102.98
86.647		0.0		-0.034		103.009
87.643		0.0		-0.034		103.038
88.639		0.0		-0.034		103.068
89.635		0.0		-0.034		103.097
90.631		0.0		-0.034		103.126
91.627		0.0		-0.034		103.158
92.623		0.0		-0.034		103.187
93.617		0.0010		-0.034		103.218
94.611		0.0010		-0.034		103.25
95.605		0.0010		-0.034		103.281
96.598		0.0010		-0.034		103.313
97.592		0.0020		-0.034		103.345
98.586		0.0020		-0.034		103.377
99.579		0.0020		-0.034		103.409
30.773		-0.01		-0.033		101.847
31.771		-0.01		-0.033		101.858
32.768		-0.0090		-0.033		101.87
33.765		-0.0090		-0.033		101.883
34.763		-0.0090		-0.033		101.896
35.76		-0.0090		-0.033		101.909
36.758		-0.0090		-0.033		101.923
37.755		-0.0090		-0.033		101.937
38.753		-0.0090		-0.033		101.951
39.751		-0.0090		-0.033		101.966
40.748		-0.0090		-0.033		101.98
41.745		-0.0080		-0.033		101.996
42.742		-0.0080		-0.033		102.012
43.738		-0.0080		-0.033		102.028
44.734		-0.0080		-0.033		102.045
45.731		-0.0080		-0.033		102.061
46.727		-0.0080		-0.033		102.329
47.723		-0.0080		-0.033		102.096
48.72		-0.0070		-0.033		102.113
49.716		-0.0070		-0.033		102.131
50.712		-0.0070		-0.033		102.15
51.709		-0.0070		-0.033		102.168
52.704		-0.0070		-0.033		102.187
53.7		-0.0070		-0.033		102.206
54.695		-0.0060		-0.033		102.225
55.691		-0.0060		-0.033		102.245
56.687		-0.0060		-0.033		102.265
57.682		-0.0060		-0.033		102.284
58.678		-0.0060		-0.033		102.307
59.673		-0.0060		-0.033		102.327
60.669		-0.0050		-0.033		102.349
61.664		-0.0050		-0.033		102.371
62.658		-0.0050		-0.033		102.394
63.651		-0.0050		-0.033		102.415
64.643		-0.0050		-0.033		102.437
65.636		-0.0050		-0.033		102.46
66.629		-0.0040		-0.033		102.483
67.621		-0.0040		-0.033		102.506
68.613		-0.0040		-0.033		102.53
69.606		-0.0040		-0.033		102.554
70.598		-0.0040		-0.033		102.578
71.59		-0.0030		-0.033		102.602
72.581		-0.0030		-0.033		102.627
73.572		-0.0030		-0.033		102.669
74.562		-0.0030		-0.033		102.678
75.553		-0.0030		-0.033		102.701
76.543		-0.0020		-0.033		102.73
77.533		-0.0020		-0.033		102.755
78.523		-0.0020		-0.033		102.783
79.512		-0.0020		-0.034		102.809
229.91		0.069		-0.028		110.365
230.297		0.069		-0.027		110.332
230.297		0.069		-0.027		110.332
230.297		0.069		-0.027		110.332
230.297		0.069		-0.027		110.332
230.297		0.069		-0.027		110.332
230.297		0.069		-0.027		110.332
230.297		0.069		-0.027		110.332
195.194		0.077		-0.05		541.443
195.194		0.077		-0.05		541.443
195.194		0.077		-0.05		541.443
195.194		0.077		-0.05		541.443
110.35		0.104		-1.0		1016.808
110.35		0.104		-1.0		1016.808
110.427		0.139		-1.0		525.395
110.332		-0.094		-1.0		47.577
110.263		0.019		-1.0		46.89
110.338		-0.0070		-1.0		51.064
110.341		0.019		-1.0		52.907
110.332		-0.31		-1.0		286.251
110.332		-0.31		-1.0		46.787
145.167		-0.156		-0.5		217.009
145.167		-0.156		-0.5		217.009
145.167		-0.156		-0.5		1030.884
145.167		-0.156		-0.5		0.0
145.167		-0.156		-0.5		0.0
145.167		-0.156		-0.5		217.009
145.167		-0.156		-0.5		1030.884
145.16		-0.012		-0.5		62.91
145.162		-0.068		-0.5		62.912
145.159		-0.493		-0.5		62.905
110.332		-0.232		-1.0		175.569
114.429		-0.089		-0.909		48.314
116.904		-0.288		-0.82		48.798
129.699		-0.137		-0.73		56.076
135.686		-0.107		-0.64		58.756
141.734		-0.081		-0.55		61.412
147.951		-0.056		-0.46		64.126
154.447		-0.031		-0.37		66.967
160.609		-0.0050		-0.28		69.649
167.426		0.051		-0.19		72.835
0.0		0.0		0.0		0.0
0.0		0.0		0.0		0.0
94.239		-0.336		-1.0		34.008
94.239		-0.336		-1.0		34.008
0.0		0.0		0.0		0.0
0.0		0.0		0.0		0.0		738.649
0.0		0.0		0.0		0.0		727.89
