
109.0975053695246    41.3183869551553   40.0
110.93350828438565    42.28496510110139   41.0
112.53612067590818    43.24295298521418   42.0
114.19583048650621    44.27676787560369   43.0
115.92181084864669    45.277808308040285   44.0
117.66352274090337    46.27747768925452   45.0
119.5266588547118    47.23032906850969   46.0
121.14866281112039    48.254393260737515   47.0
122.8437688413484    49.20293067642961   48.0
124.5512762722685    50.2262511369718   49.0
126.38920916049722    51.17456817278017   50.0
128.02884842720078    52.19536727888823   51.0
129.81555056867134    53.13782156912772   52.0
131.507336207653    54.15447234262037   53.0
133.36921609824836    55.10543880314835   54.0
135.0523379145424    56.10882088475586   55.0
136.89848953659506    57.046964641907344   56.0
138.57769108287178    58.040165648408646   57.0
140.39038651745454    58.999139926634086   58.0
144.13352737832037    60.91595435797393   60.0
145.9084642181609    61.89348942819262   61.0
147.66970340655195    62.8760851508336   62.0
149.38291482178585    63.85861977884321   63.0
152.72105233868731    65.82279826055988   65.0
154.40063850544118    66.80883054985125   66.0
156.0766063547968    67.79585320852267   67.0
159.38828513668577    69.76746354334176   69.0
162.70738162472384    71.73929237830583   71.0
164.43358819718776    72.7313257652947   72.0
166.14023217512883    73.71968188844048   73.0
169.51896397253057    75.69683251825448   75.0
171.24434939040867    76.68592219384593   76.0
172.9776187296264    77.67532901722082   77.0
174.71925736763677    78.66477578907384   78.0
178.1421597771424    80.64321797561779   80.0
179.8254768031502    81.63016528864122   81.0
181.5085550281931    82.61738162711787   82.0
184.80040585661777    84.5926892723638   84.0
188.08470632521932    86.56936183908456   86.0
189.7691818833032    87.55821546371331   87.0
191.45237085845875    88.54720438119948   88.0
194.72098254053157    90.52633321943327   90.0
196.39607193957633    91.51619433470867   91.0
198.0686872208877    92.50636279959075   92.0
199.73758864145958    93.49678396501405   93.0
202.95783453000524    95.4785173461795   95.0
204.61532883388873    96.4696364141401   96.0
206.27041993197415    97.46105443544609   97.0
209.43190169399324    99.44472911525116   99.0
212.5557631608734    101.42934119766592   101.0
214.16785213415935    102.42176317257412   102.0
215.77168763194254    103.41440215526728   103.0
218.8164990673693    105.40073567391511   105.0
220.3891307214957    106.39392367029347   106.0
221.95292275108596    107.38729921818027   107.0
223.50537808524575    108.3808503958169   108.0
226.34508267803665    110.36845342246549   110.0
227.78368364150452    111.36211020481997   111.0
229.20598705874218    112.3559112267931   112.0
231.85712419058282    114.34459283716596   114.0
234.44462859974905    116.33393523173046   116.0
235.79043708126022    117.32857710872167   117.0
236.19517723016932    120.32583935384541   120.0
237.61722018455765    121.32050113896076   121.0
239.02552720567152    122.31529529035188   122.0
241.50298860773654    124.30627813764193   124.0
242.8695735190677    125.30139351660907   125.0
245.2656473563087    127.29295551887701   127.0
246.5941091735411    128.2883604165161   128.0
248.90055211587838    130.2805103787509   130.0
250.18705766107854    131.2762000984179   131.0
252.41121598302405    133.26886835349447   133.0
253.65920790786612    134.26479438021377   134.0
254.8927712461788    135.26080871549183   135.0
256.1137215441549    136.25689275264452   136.0
258.271959817095    140.25054713901233   140.0
259.42783830903056    141.24696262588094   141.0
261.3897560738263    143.24100483064473   143.0
262.50612110067345    144.23760183840045   144.0
263.6103911433983    145.23426406817765   145.0
266.49740746272226    150.2263100963076   150.0
267.53499709373403    151.22326073078273   151.0
269.27061907405664    153.21828345866416   153.0
270.27241273988074    154.21537109527637   154.0
271.02496762346726    157.2139029204308   157.0
272.1950498510292    158.21009760414762   158.0
273.22202035002937    159.2061586125019   159.0
274.41537793051225    164.20285148681776   164.0
275.14497910161384    165.2001537558047   165.0
276.34872713012356    167.19582304992596   167.0
277.0493839762822    168.19324834839654   168.0
278.1938607851426    170.1891834277777   170.0
278.8662119212233    171.18672906719638   171.0
279.95747242976574    173.18288036860477   173.0
280.8604053608254    177.18043677791607   177.0
281.47506079796835    178.17821458716963   178.0
282.4722334434456    180.17472850700042   180.0
283.06687395390435    181.17257362193558   181.0
284.0192906978603    183.1692310231383   183.0
285.73160023094374    191.16455216753494   191.0
286.16058262277045    192.16305341378862   192.0
286.58355072248844    193.16158677929968   193.0
287.3294700542901    195.15906704250474   195.0
287.7395205078006    196.1576359012322   196.0
288.14349457215474    197.15623818993612   197.0
288.53980903029117    198.15486535923282   198.0
