OldState	Action		NewState
87.3438		6822.45		646.365			
88.4493		6718.57		646.329			
89.5464		6622.3		646.947			
90.5809		6551.69		647.098			
91.5016		6523.62		646.99			
92.306		6537.37		647.522			
93.0342		6577.6		647.554			
93.7204		6631.41		647.741			
94.3818		6692.37		647.464			
95.0269		6757.25		647.874			
95.6604		6823.55		647.978			
96.2903		6887.36		647.725			
96.9328		6944.58		647.791			
97.5978		6992.33		648.108			
98.2901		7030.72		648.022			
98.9983		7062.28		648.151			
99.7135		7090.35		648.139			
100.426		7118.58		648.562			
101.127		7149.79		648.295			
101.813		7185.35		648.655			
102.482		7225.46		648.678			
103.136		7269.63		648.532			
103.777		7317.18		648.583			
104.406		7367.21		648.612			
105.026		7418.71		648.695			
105.639		7470.73		648.75			
106.247		7522.15		648.813			
106.855		7571.76		649.19			
107.466		7618.44		649.145			
108.082		7661.42		649.042			
108.705		7700.52		649.019			
109.332		7736.23		649.033			
109.962		7769.66		649.059			
110.591		7802.16		649.417			
111.215		7835.05		649.435			
111.831		7869.28		649.471			
112.438		7905.36		649.268			
113.036		7943.42		649.518			
113.624		7983.31		649.619			
114.204		8024.69		649.373			
114.776		8067.09		649.663			
115.342		8109.96		649.428			
115.904		8152.68		649.659			
116.463		8194.65		649.458			
117.021		8235.29		649.67			
117.58		8274.22		649.824			
118.139		8311.29		649.537			
118.7		8346.59		649.822			
119.26		8380.49		649.81			
119.819		8413.19		649.6			
120.374		8445.22		649.881			
120.924		8477.25		649.852			
121.467		8509.71		649.662			
122.003		8542.82		649.916			
122.531		8576.65		650.008			
123.052		8611.09		649.98			
123.566		8645.96		649.71			
124.073		8680.98		649.716			
124.576		8715.87		649.686			
125.073		8750.34		649.719			
125.567		8784.1		649.733			
126.058		8816.99		649.697			
126.546		8848.88		649.725			
127.031		8879.82		649.695			
127.508		8882.0		649.675			
127.937		8866.75		649.993			
128.315		8891.16		649.644			
128.651		8903.73		649.896			
128.934		8874.76		649.834			
129.18		8905.59		649.734			
129.392		8870.38		649.322			
129.564		8904.67		649.179			
129.705		8867.36		649.075			
129.829		8915.88		649.285			
129.949		8882.24		649.173			
OldState	Action		NewState
87.3438		6822.45		726.696			
88.4493		6718.57		701.256			
89.5464		6622.3		720.214			
90.5809		6551.69		725.892			
91.5016		6523.62		722.035			
92.306		6537.37		707.724			
93.0342		6577.6		726.005			
93.7204		6631.41		724.59			
94.3818		6692.37		700.713			
95.0269		6757.25		724.596			
95.6604		6823.55		721.996			
96.2903		6887.36		707.198			
96.9328		6944.58		724.666			
97.5978		6992.33		725.446			
98.2901		7030.72		724.64			
98.9983		7062.28		715.891			
99.7135		7090.35		717.989			
100.426		7118.58		715.989			
101.127		7149.79		722.257			
101.813		7185.35		725.134			
102.482		7225.46		721.005			
103.136		7269.63		698.904			
103.777		7317.18		712.405			
104.406		7367.21		723.03			
105.026		7418.71		723.831			
105.639		7470.73		721.894			
106.247		7522.15		721.498			
106.855		7571.76		722.307			
107.466		7618.44		726.237			
108.082		7661.42		719.561			
108.705		7700.52		699.358			
109.332		7736.23		721.768			
109.962		7769.66		719.654			
110.591		7802.16		720.527			
111.215		7835.05		722.703			
111.831		7869.28		720.904			
112.438		7905.36		725.461			
113.036		7943.42		724.948			
113.624		7983.31		727.747			
114.204		8024.69		723.327			
114.776		8067.09		725.537			
115.342		8109.96		725.95			
115.904		8152.68		710.279			
116.463		8194.65		717.112			
117.021		8235.29		718.888			
117.58		8274.22		723.096			
118.139		8311.29		725.965			
118.7		8346.59		723.053			
119.26		8380.49		692.231			
119.819		8413.19		722.025			
120.374		8445.22		714.227			
120.924		8477.25		726.283			
121.467		8509.71		720.669			
122.003		8542.82		724.166			
122.531		8576.65		717.236			
123.052		8611.09		712.979			
123.566		8645.96		707.26			
124.073		8680.98		690.321			
124.576		8715.87		719.008			
125.073		8750.34		699.647			
125.567		8784.1		721.944			
126.058		8816.99		722.219			
126.546		8848.88		722.805			
127.031		8879.82		715.881			
127.508		8882.0		712.655			
127.937		8866.75		723.211			
128.315		8891.16		723.456			
128.651		8903.73		726.975			
128.934		8874.76		725.494			
129.18		8905.59		725.085			
129.392		8870.38		720.612			
129.564		8904.67		721.769			
129.705		8867.36		714.53			
129.829		8915.88		711.85			
129.949		8882.24		699.87			
OldState	Action		NewState
87.3438		6822.45		726.223			
88.4493		6718.57		710.004			
89.5464		6622.3		727.017			
90.5809		6551.69		740.149			
91.5016		6523.62		729.59			
92.306		6537.37		700.208			
93.0342		6577.6		731.743			
93.7204		6631.41		733.529			
94.3818		6692.37		698.316			
95.0269		6757.25		728.359			
95.6604		6823.55		722.931			
96.2903		6887.36		703.727			
96.9328		6944.58		735.047			
97.5978		6992.33		736.093			
98.2901		7030.72		745.64			
98.9983		7062.28		731.779			
99.7135		7090.35		720.979			
100.426		7118.58		732.929			
101.127		7149.79		732.929			
101.813		7185.35		736.286			
102.482		7225.46		715.855			
103.136		7269.63		697.763			
103.777		7317.18		728.676			
104.406		7367.21		713.927			
105.026		7418.71		728.121			
105.639		7470.73		752.506			
106.247		7522.15		725.192			
106.855		7571.76		731.277			
107.466		7618.44		739.079			
108.082		7661.42		731.984			
108.705		7700.52		678.961			
109.332		7736.23		724.783			
109.962		7769.66		727.184			
110.591		7802.16		731.587			
111.215		7835.05		730.366			
111.831		7869.28		729.345			
112.438		7905.36		729.074			
113.036		7943.42		656.148			
113.624		7983.31		735.013			
114.204		8024.69		741.457			
114.776		8067.09		732.079			
115.342		8109.96		736.604			
115.904		8152.68		571.824			
116.463		8194.65		724.097			
117.021		8235.29		728.821			
117.58		8274.22		693.163			
118.139		8311.29		758.233			
118.7		8346.59		716.524			
119.26		8380.49		699.218			
119.819		8413.19		726.808			
120.374		8445.22		740.771			
120.924		8477.25		728.568			
121.467		8509.71		724.284			
122.003		8542.82		718.858			
122.531		8576.65		720.841			
123.052		8611.09		691.023			
123.566		8645.96		705.861			
124.073		8680.98		671.568			
124.576		8715.87		710.367			
125.073		8750.34		690.641			
125.567		8784.1		718.006			
126.058		8816.99		728.65			
126.546		8848.88		744.875			
127.031		8879.82		714.86			
127.508		8882.0		710.334			
127.937		8866.75		741.161			
OldState	Action		NewState
87.3438		6822.45		726.223			
88.4493		6718.57		710.004			
89.5464		6622.3		727.017			
90.5809		6551.69		740.149			
91.5016		6523.62		729.59			
92.306		6537.37		700.208			
93.0342		6577.6		731.743			
93.7204		6631.41		733.529			
94.3818		6692.37		698.316			
95.0269		6757.25		728.359			
95.6604		6823.55		722.931			
96.2903		6887.36		703.727			
96.9328		6944.58		735.047			
97.5978		6992.33		736.093			
98.2901		7030.72		745.64			
98.9983		7062.28		731.779			
99.7135		7090.35		720.979			
100.426		7118.58		732.929			
101.127		7149.79		732.929			
101.813		7185.35		736.286			
102.482		7225.46		715.855			
103.136		7269.63		697.763			
103.777		7317.18		728.676			
104.406		7367.21		713.927			
105.026		7418.71		728.121			
105.639		7470.73		752.506			
106.247		7522.15		725.192			
106.855		7571.76		731.277			
107.466		7618.44		739.079			
108.082		7661.42		731.984			
108.705		7700.52		678.961			
109.332		7736.23		724.783			
109.962		7769.66		727.184			
110.591		7802.16		731.587			
111.215		7835.05		730.366			
111.831		7869.28		729.345			
112.438		7905.36		729.074			
113.036		7943.42		656.148			
113.624		7983.31		735.013			
114.204		8024.69		741.457			
114.776		8067.09		732.079			
115.342		8109.96		736.604			
115.904		8152.68		571.824			
116.463		8194.65		724.097			
117.021		8235.29		728.821			
117.58		8274.22		693.163			
118.139		8311.29		758.233			
118.7		8346.59		716.524			
119.26		8380.49		699.218			
119.819		8413.19		726.808			
120.374		8445.22		740.771			
120.924		8477.25		728.568			
121.467		8509.71		724.284			
122.003		8542.82		718.858			
122.531		8576.65		720.841			
123.052		8611.09		691.023			
123.566		8645.96		705.861			
124.073		8680.98		671.568			
124.576		8715.87		710.367			
125.073		8750.34		690.641			
125.567		8784.1		718.006			
126.058		8816.99		728.65			
126.546		8848.88		744.875			
127.031		8879.82		714.86			
127.508		8882.0		710.334			
127.937		8866.75		741.161			
128.315		8891.16		739.482			
128.651		8903.73		728.87			
128.934		8874.76		733.379			
129.18		8905.59		732.907			
129.392		8870.38		754.98			
129.564		8904.67		725.047			
129.705		8867.36		738.494			
129.829		8915.88		688.571			
129.949		8882.24		691.975			
OldState	Action		NewState
87.3438		6822.45		726.585			
88.4493		6718.57		725.794			
89.5464		6622.3		727.257			
90.5809		6551.69		726.586			
91.5016		6523.62		724.934			
92.306		6537.37		727.137			
93.0342		6577.6		726.644			
93.7204		6631.41		727.344			
94.3818		6692.37		725.084			
95.0269		6757.25		726.874			
95.6604		6823.55		727.492			
96.2903		6887.36		725.664			
96.9328		6944.58		726.107			
97.5978		6992.33		726.64			
98.2901		7030.72		724.555			
98.9983		7062.28		724.697			
99.7135		7090.35		724.747			
100.426		7118.58		726.7			
101.127		7149.79		726.282			
101.813		7185.35		727.331			
102.482		7225.46		727.224			
103.136		7269.63		726.002			
103.777		7317.18		726.448			
104.406		7367.21		724.905			
105.026		7418.71		726.167			
105.639		7470.73		726.305			
106.247		7522.15		726.345			
106.855		7571.76		726.889			
107.466		7618.44		726.784			
108.082		7661.42		724.912			
108.705		7700.52		725.883			
109.332		7736.23		726.326			
109.962		7769.66		724.392			
110.591		7802.16		727.835			
111.215		7835.05		726.904			
111.831		7869.28		726.774			
112.438		7905.36		726.299			
113.036		7943.42		726.38			
113.624		7983.31		726.908			
114.204		8024.69		726.259			
114.776		8067.09		726.991			
115.342		8109.96		726.252			
115.904		8152.68		727.27			
116.463		8194.65		724.909			
117.021		8235.29		725.937			
117.58		8274.22		727.525			
118.139		8311.29		726.245			
118.7		8346.59		725.689			
119.26		8380.49		727.308			
119.819		8413.19		726.206			
120.374		8445.22		726.819			
120.924		8477.25		726.4			
121.467		8509.71		726.51			
122.003		8542.82		726.956			
122.531		8576.65		727.262			
123.052		8611.09		727.503			
123.566		8645.96		725.873			
124.073		8680.98		726.617			
124.576		8715.87		726.029			
125.073		8750.34		726.788			
125.567		8784.1		725.355			
126.058		8816.99		724.665			
126.546		8848.88		725.254			
127.031		8879.82		724.809			
127.508		8882.0		725.809			
127.937		8866.75		727.568			
128.315		8891.16		725.107			
128.651		8903.73		727.114			
128.934		8874.76		727.107			
129.18		8905.59		727.698			
129.392		8870.38		726.509			
129.564		8904.67		725.202			
129.705		8867.36		724.751			
129.829		8915.88		726.782			
129.949		8882.24		727.852			
OldState	Action		NewState
718.17			
OldState	Action		NewState
87.3438		6822.45		538.667			
88.4493		6718.57		539.087			
89.5464		6622.3		539.494			
90.5809		6551.69		539.86			
91.5016		6523.62		540.153			
92.306		6537.37		540.382			
93.0342		6577.6		540.57			
93.7204		6631.41		540.726			
94.3818		6692.37		540.86			
95.0269		6757.25		540.98			
95.6604		6823.55		541.092			
96.2903		6887.36		541.201			
96.9328		6944.58		541.309			
97.5978		6992.33		541.421			
98.2901		7030.72		541.547			
98.9983		7062.28		541.683			
99.7135		7090.35		541.819			
100.426		7118.58		541.958			
101.127		7149.79		542.089			
101.813		7185.35		542.215			
102.482		7225.46		542.334			
103.136		7269.63		542.445			
103.777		7317.18		542.541			
104.406		7367.21		542.632			
105.026		7418.71		542.716			
105.639		7470.73		542.794			
106.247		7522.15		542.87			
106.855		7571.76		542.946			
107.466		7618.44		543.019			
108.082		7661.42		543.087			
108.705		7700.52		543.16			
109.332		7736.23		543.229			
109.962		7769.66		543.304			
110.591		7802.16		543.378			
111.215		7835.05		543.449			
111.831		7869.28		543.523			
112.438		7905.36		543.586			
113.036		7943.42		543.644			
113.624		7983.31		543.698			
114.204		8024.69		543.746			
114.776		8067.09		543.789			
115.342		8109.96		543.833			
115.904		8152.68		543.873			
116.463		8194.65		543.911			
117.021		8235.29		543.946			
117.58		8274.22		543.98			
118.139		8311.29		544.011			
118.7		8346.59		544.044			
119.26		8380.49		544.076			
119.819		8413.19		544.108			
120.374		8445.22		544.138			
120.924		8477.25		544.163			
121.467		8509.71		544.188			
122.003		8542.82		544.207			
122.531		8576.65		544.228			
123.052		8611.09		544.241			
123.566		8645.96		544.255			
124.073		8680.98		544.267			
124.576		8715.87		544.276			
125.073		8750.34		544.281			
125.567		8784.1		544.287			
126.058		8816.99		544.29			
126.546		8848.88		544.292			
127.031		8879.82		544.291			
127.508		8882.0		544.278			
127.937		8866.75		544.232			
128.315		8891.16		544.174			
128.651		8903.73		544.055			
128.934		8874.76		543.964			
129.18		8905.59		543.806			
129.392		8870.38		543.671			
129.564		8904.67		543.475			
129.705		8867.36		543.305			
129.829		8915.88		543.098			
129.949		8882.24		542.925			
OldState	Action		NewState
87.3438		6822.45		440.919			
88.4493		6718.57		441.386			
89.5464		6622.3		441.839			
90.5809		6551.69		442.247			
91.5016		6523.62		442.575			
92.306		6537.37		442.832			
93.0342		6577.6		443.042			
93.7204		6631.41		443.217			
94.3818		6692.37		443.368			
95.0269		6757.25		443.503			
95.6604		6823.55		443.628			
96.2903		6887.36		443.75			
96.9328		6944.58		443.873			
97.5978		6992.33		443.999			
98.2901		7030.72		444.141			
98.9983		7062.28		444.295			
99.7135		7090.35		444.448			
100.426		7118.58		444.605			
101.127		7149.79		444.755			
101.813		7185.35		444.897			
102.482		7225.46		445.032			
103.136		7269.63		445.158			
103.777		7317.18		445.267			
104.406		7367.21		445.371			
105.026		7418.71		445.466			
105.639		7470.73		445.554			
106.247		7522.15		445.641			
106.855		7571.76		445.728			
107.466		7618.44		445.811			
108.082		7661.42		445.888			
108.705		7700.52		445.971			
109.332		7736.23		446.051			
109.962		7769.66		446.136			
110.591		7802.16		446.221			
111.215		7835.05		446.303			
111.831		7869.28		446.387			
112.438		7905.36		446.458			
113.036		7943.42		446.525			
113.624		7983.31		446.587			
114.204		8024.69		446.642			
114.776		8067.09		446.691			
115.342		8109.96		446.741			
115.904		8152.68		446.787			
116.463		8194.65		446.83			
117.021		8235.29		446.87			
117.58		8274.22		446.909			
118.139		8311.29		446.946			
118.7		8346.59		446.983			
119.26		8380.49		447.02			
119.819		8413.19		447.056			
120.374		8445.22		447.091			
120.924		8477.25		447.119			
121.467		8509.71		447.147			
122.003		8542.82		447.17			
122.531		8576.65		447.193			
123.052		8611.09		447.209			
123.566		8645.96		447.226			
124.073		8680.98		447.239			
124.576		8715.87		447.249			
125.073		8750.34		447.255			
125.567		8784.1		447.262			
126.058		8816.99		447.266			
126.546		8848.88		447.267			
127.031		8879.82		447.266			
127.508		8882.0		447.251			
127.937		8866.75		447.199			
128.315		8891.16		447.132			
128.651		8903.73		446.995			
128.934		8874.76		446.891			
129.18		8905.59		446.711			
129.392		8870.38		446.556			
129.564		8904.67		446.332			
129.705		8867.36		446.137			
129.829		8915.88		445.9			
129.949		8882.24		445.704			
OldState	Action		NewState
87.3438		6822.45		694.539			
88.4493		6718.57		693.866			
89.5464		6622.3		695.072			
90.5809		6551.69		694.925			
91.5016		6523.62		694.036			
92.306		6537.37		695.446			
93.0342		6577.6		695.229			
93.7204		6631.41		695.566			
94.3818		6692.37		694.42			
95.0269		6757.25		695.655			
95.6604		6823.55		695.742			
96.2903		6887.36		694.737			
96.9328		6944.58		695.125			
97.5978		6992.33		695.483			
98.2901		7030.72		694.747			
98.9983		7062.28		694.594			
99.7135		7090.35		694.611			
100.426		7118.58		696.023			
101.127		7149.79		695.425			
101.813		7185.35		696.055			
102.482		7225.46		696.038			
103.136		7269.63		695.339			
103.777		7317.18		695.609			
104.406		7367.21		694.917			
105.026		7418.71		695.656			
105.639		7470.73		695.694			
106.247		7522.15		695.636			
106.855		7571.76		696.381			
107.466		7618.44		696.174			
108.082		7661.42		695.13			
108.705		7700.52		695.606			
109.332		7736.23		695.838			
109.962		7769.66		695.255			
110.591		7802.16		696.608			
111.215		7835.05		696.458			
111.831		7869.28		696.385			
112.438		7905.36		696.026			
113.036		7943.42		696.417			
113.624		7983.31		696.621			
114.204		8024.69		695.958			
114.776		8067.09		696.653			
115.342		8109.96		696.116			
115.904		8152.68		696.689			
116.463		8194.65		695.425			
117.021		8235.29		696.386			
117.58		8274.22		696.877			
118.139		8311.29		696.139			
118.7		8346.59		696.167			
119.26		8380.49		696.78			
119.819		8413.19		696.228			
120.374		8445.22		696.723			
120.924		8477.25		696.631			
121.467		8509.71		696.197			
122.003		8542.82		696.745			
122.531		8576.65		696.999			
123.052		8611.09		696.959			
123.566		8645.96		695.958			
124.073		8680.98		696.327			
124.576		8715.87		695.982			
125.073		8750.34		696.339			
125.567		8784.1		695.735			
126.058		8816.99		695.528			
126.546		8848.88		695.706			
127.031		8879.82		695.487			
127.508		8882.0		696.011			
127.937		8866.75		696.995			
128.315		8891.16		695.517			
128.651		8903.73		696.905			
128.934		8874.76		696.841			
129.18		8905.59		696.875			
129.392		8870.38		696.052			
129.564		8904.67		695.352			
129.705		8867.36		695.178			
129.829		8915.88		696.457			
129.949		8882.24		696.548			
OldState	Action		NewState
126.546		8848.88		695.706			
OldState	Action		NewState
OldState	Action		NewState
87.3438		6822.45		192.201			
88.4493		6718.57		192.667			
89.5464		6622.3		193.121			
90.5809		6551.69		193.528			
91.5016		6523.62		193.857			
92.306		6537.37		194.113			
93.0342		6577.6		194.323			
93.7204		6631.41		194.499			
94.3818		6692.37		194.649			
95.0269		6757.25		194.784			
95.6604		6823.55		194.91			
96.2903		6887.36		195.032			
96.9328		6944.58		195.155			
97.5978		6992.33		195.28			
98.2901		7030.72		195.423			
98.9983		7062.28		195.577			
99.7135		7090.35		195.73			
100.426		7118.58		195.887			
101.127		7149.79		196.036			
101.813		7185.35		196.179			
102.482		7225.46		196.313			
103.136		7269.63		196.44			
103.777		7317.18		196.549			
104.406		7367.21		196.652			
105.026		7418.71		196.748			
105.639		7470.73		196.836			
106.247		7522.15		196.923			
106.855		7571.76		197.01			
107.466		7618.44		197.092			
108.082		7661.42		197.17			
108.705		7700.52		197.253			
109.332		7736.23		197.332			
109.962		7769.66		197.417			
110.591		7802.16		197.503			
111.215		7835.05		197.584			
111.831		7869.28		197.668			
112.438		7905.36		197.74			
113.036		7943.42		197.807			
113.624		7983.31		197.869			
114.204		8024.69		197.924			
114.776		8067.09		197.973			
115.342		8109.96		198.023			
115.904		8152.68		198.069			
116.463		8194.65		198.112			
117.021		8235.29		198.152			
117.58		8274.22		198.191			
118.139		8311.29		198.227			
118.7		8346.59		198.265			
119.26		8380.49		198.302			
119.819		8413.19		198.338			
120.374		8445.22		198.373			
120.924		8477.25		198.401			
121.467		8509.71		198.429			
122.003		8542.82		198.452			
122.531		8576.65		198.475			
123.052		8611.09		198.49			
123.566		8645.96		198.507			
124.073		8680.98		198.521			
124.576		8715.87		198.531			
125.073		8750.34		198.537			
125.567		8784.1		198.544			
126.058		8816.99		198.547			
126.546		8848.88		198.549			
127.031		8879.82		198.548			
127.508		8882.0		198.533			
127.937		8866.75		198.481			
128.315		8891.16		198.414			
128.651		8903.73		198.277			
128.934		8874.76		198.173			
129.18		8905.59		197.992			
129.392		8870.38		197.838			
129.564		8904.67		197.614			
129.705		8867.36		197.419			
129.829		8915.88		197.182			
129.949		8882.24		196.986			
