56.067755822428204    90.83214296079758   90.0
58.40963962625801    95.69840899942918   95.0
60.43758308719124    100.58739241118613   100.0
62.43034977441429    105.51305732681939   105.0
64.37139808886533    110.45867273998947   110.0
66.146064876023    115.41440160642907   115.0
67.76105374681038    120.37783968123453   120.0
69.22888071261666    125.3473313939864   125.0
70.56437888773557    130.32160008753362   130.0
71.75367495174379    135.29926853025677   135.0
72.82863469745794    140.27953584690462   140.0
73.79978316057858    145.26228798206125   145.0
74.67713127042542    150.24739586401665   150.0
75.47860728399762    155.23419623001269   155.0
76.24111290308002    160.22204166606252   160.0
76.93127459690596    165.21106031604637   165.0
77.55044304165705    170.20153355280516   170.0
78.12231711199374    175.19285342203113   175.0
78.66383682586769    180.18479123945502   180.0
79.15711226846466    185.177364187703   185.0
79.61088324042578    190.17068227916488   190.0
80.03262782684021    195.16450394857907   195.0
80.42511926936733    200.15875910231765   200.0
80.80172869029424    205.15328497929352   205.0
81.14717563555182    210.14816368891937   210.0
81.46672178633257    215.14349941635015   215.0
81.76440651498666    220.13914911743413   220.0
82.01244903012628    225.13498772836843   225.0
82.23400564939924    230.13105448405796   230.0
82.44000466282256    235.12733630488503   235.0
82.77345387709352    240.1241106154226   240.0
83.05367115346286    245.1209760372723   245.0